epoch, reward, loss
1, -1.78, 3.3060
2, 0.44, 3.6829
3, -1.01, 7.4316
4, -1.19, 8.6542
5, 0.63, 9.3173
6, 0.49, 9.8185
7, -0.87, 10.0604
8, 0.23, 10.3525
9, -0.10, 10.7271
10, -0.18, 10.9803
11, 0.58, 11.1268
12, 1.28, 11.1957
13, -0.63, 11.3340
14, -0.10, 11.3372
15, -1.09, 11.3962
16, -0.49, 11.4676
17, 1.07, 11.4238
18, -0.07, 11.3654
19, -0.63, 11.2291
20, 1.27, 11.2575
21, -0.95, 11.2118
22, -0.69, 11.1495
23, 1.29, 11.0779
24, 0.67, 10.9423
25, -0.50, 10.8525
26, -0.16, 10.8086
27, 0.08, 10.7389
28, 0.98, 10.6768
29, 0.02, 10.6158
30, 0.61, 10.5751
31, 0.14, 10.5228
32, 0.82, 10.4175
33, 0.66, 10.3748
34, -0.04, 10.3365
35, 0.73, 10.3153
36, -0.98, 10.2346
37, 0.49, 10.2169
38, 0.65, 10.1630
39, -1.48, 10.1943
40, -0.46, 10.1663
41, 0.70, 10.1289
42, -0.13, 10.0951
43, -0.07, 10.1188
44, 2.03, 10.0803
45, 1.13, 10.0413
46, -0.52, 10.0274
47, 0.65, 9.9810
48, -0.77, 10.0326
49, 0.09, 10.0225
50, 0.64, 10.0045
51, 0.48, 9.9887
52, -0.75, 9.9140
53, -0.22, 9.9018
54, -0.30, 9.9476
55, -0.72, 9.9578
56, 1.14, 9.8958
57, -0.92, 9.8869
58, 0.70, 9.8958
59, -0.92, 9.9008
60, 1.48, 9.8548
61, 1.05, 9.9034
62, 0.73, 9.8695
63, 0.62, 9.8335
64, -0.41, 9.8350
65, -0.35, 9.7978
66, -0.11, 9.8714
67, -0.94, 9.8124
68, -1.53, 9.7951
69, -1.59, 9.8204
70, -0.57, 9.8239
71, -0.16, 9.8166
72, 0.13, 9.8306
73, 0.61, 9.8230
74, 0.41, 9.7834
75, 0.41, 9.8470
76, -0.14, 9.8415
77, 0.02, 9.8775
78, 0.15, 9.7792
79, 0.78, 9.8497
80, 0.65, 9.8383
81, -1.00, 9.8168
82, -0.53, 9.8485
83, -0.26, 9.8414
84, -0.39, 9.8630
85, -0.06, 9.8590
86, 0.83, 9.8260
87, -0.39, 9.8143
88, 0.26, 9.8426
89, 0.24, 9.8358
90, 0.62, 9.8793
91, -0.34, 9.9150
92, -0.27, 9.9082
93, -0.32, 9.8843
94, 0.35, 9.9289
95, 0.00, 9.8733
96, -1.07, 9.8555
97, -0.38, 9.8941
98, 1.66, 9.8851
99, -0.03, 9.8871
100, -0.27, 9.8879
101, -0.15, 9.8959
102, -0.16, 9.9069
103, -0.39, 9.9267
104, 0.29, 9.9166
105, -0.58, 9.9288
106, 0.67, 9.9515
107, 0.97, 9.9264
108, -0.50, 9.9349
109, 0.53, 9.9114
110, -0.06, 9.9427
111, 2.51, 9.9300
112, -0.71, 9.9695
113, -0.52, 9.9583
114, 0.06, 9.9308
115, -0.56, 9.9817
116, -0.15, 10.0113
117, -0.24, 10.0214
118, -0.04, 10.0397
119, 0.88, 9.9812
120, -0.03, 10.0415
121, -0.16, 10.0343
122, -1.57, 10.0157
123, 0.41, 10.0013
124, 1.33, 10.0250
125, -0.08, 10.1021
126, -0.55, 10.0834
127, 0.21, 10.0350
128, -0.86, 10.0514
129, 0.32, 10.0323
130, 0.51, 10.0674
131, -0.81, 10.0511
132, -1.42, 10.0779
133, -0.89, 10.0597
134, 0.75, 10.0390
135, 0.99, 10.0863
136, -0.22, 10.0929
137, 0.28, 10.1165
138, -0.63, 10.1345
139, 0.27, 10.0877
140, 0.39, 10.1220
141, -0.35, 10.1290
142, 0.22, 10.1301
143, 0.20, 10.1817
144, -0.22, 10.1803
145, -1.65, 10.1944
146, -1.35, 10.1640
147, -0.67, 10.1714
148, -0.92, 10.2174
149, -0.43, 10.2122
150, 0.40, 10.1751
151, 0.93, 10.2104
152, 0.31, 10.1526
153, 0.40, 10.2046
154, -0.38, 10.2226
155, 0.92, 10.1849
156, 0.22, 10.2747
157, 0.25, 10.2524
158, -1.50, 10.2698
159, 0.27, 10.2690
160, 0.00, 10.2622
161, 1.50, 10.2576
162, -0.17, 10.2380
163, -1.19, 10.2951
164, 0.81, 10.3354
165, -0.43, 10.3038
166, -0.18, 10.3116
167, -1.02, 10.3035
168, -0.33, 10.3203
169, 1.47, 10.3299
170, -0.21, 10.3330
171, 0.30, 10.3025
172, -0.76, 10.3013
173, 0.10, 10.3196
174, 0.22, 10.3412
175, 0.38, 10.3360
176, 0.38, 10.3041
177, 0.30, 10.3390
178, 0.98, 10.3632
179, -1.01, 10.3646
180, 1.33, 10.3406
181, 0.41, 10.3889
182, 0.12, 10.4015
183, 0.13, 10.3958
184, 0.68, 10.3949
185, -0.97, 10.4146
186, -1.41, 10.4091
187, -0.71, 10.4242
188, 0.97, 10.4089
189, 0.12, 10.3965
190, -0.47, 10.4340
191, -0.34, 10.4541
192, 0.85, 10.4446
193, 0.21, 10.3931
194, -0.33, 10.3882
195, 0.59, 10.4627
196, -0.50, 10.4880
197, -0.13, 10.4053
198, 1.10, 10.4266
199, -0.24, 10.4832
200, -0.99, 10.4939
201, -0.24, 10.5054
202, -0.47, 10.5111
203, -0.04, 10.4693
204, -0.27, 10.4418
205, 0.16, 10.5016
206, 0.74, 10.5151
207, 0.69, 10.5233
208, -0.79, 10.4953
209, -0.23, 10.5237
210, 0.62, 10.4888
211, -0.54, 10.5417
212, -0.60, 10.5249
213, 0.70, 10.5074
214, 0.69, 10.5415
215, 0.15, 10.5904
216, 0.32, 10.6073
217, -0.63, 10.5635
218, 0.08, 10.5232
219, 0.62, 10.5271
220, -0.01, 10.5724
221, -1.30, 10.6053
222, 1.71, 10.6401
223, -0.16, 10.6205
224, -0.24, 10.6162
225, -1.41, 10.6206
226, -1.00, 10.5667
227, -0.08, 10.6107
228, 0.12, 10.6299
229, -0.19, 10.5531
230, 0.88, 10.6297
231, -0.61, 10.5899
232, 0.55, 10.6203
233, -0.23, 10.5955
234, -0.92, 10.6640
235, -2.00, 10.6458
236, 0.68, 10.6778
237, -0.68, 10.7414
238, 0.58, 10.7471
239, -0.31, 10.6957
240, -1.52, 10.7026
241, -0.76, 10.6795
242, -0.48, 10.6023
243, -0.51, 10.6802
244, 0.61, 10.7522
245, 0.18, 10.7044
246, -0.27, 10.7277
247, 1.13, 10.6930
248, -0.28, 10.6808
249, -1.22, 10.7037
250, 0.84, 10.7112
251, -0.04, 10.6654
252, 0.51, 10.7332
253, -0.89, 10.6331
254, 0.15, 10.7126
255, -1.13, 10.6528
256, -0.65, 10.7767
257, -0.50, 10.7113
258, -0.44, 10.7036
259, -0.60, 10.6263
260, 0.14, 10.6732
261, 0.73, 10.6839
262, 0.71, 10.6594
263, 0.06, 10.6490
264, 1.21, 10.6799
265, -1.93, 10.6644
266, 0.56, 10.6321
267, 0.72, 10.6890
268, 0.05, 10.6775
269, 0.08, 10.6757
270, -0.86, 10.5755
271, 0.59, 10.6167
272, 0.73, 10.6631
273, 0.23, 10.6317
274, 0.55, 10.6394
275, -0.34, 10.6433
276, 0.72, 10.6293
277, 0.54, 10.6433
278, 0.46, 10.6578
279, 0.03, 10.6499
280, 0.20, 10.6337
281, 1.28, 10.6677
282, 0.63, 10.6025
283, 0.65, 10.5503
284, 0.41, 10.5849
285, -0.16, 10.6228
286, -0.43, 10.5616
287, -0.48, 10.5653
288, 0.21, 10.6408
289, 0.58, 10.5894
290, 0.56, 10.6265
291, -0.71, 10.6093
292, -0.70, 10.6182
293, -0.26, 10.6120
294, 0.14, 10.5747
295, 2.32, 10.5464
296, 0.75, 10.6275
297, -1.39, 10.5893
298, -0.67, 10.5572
299, -0.42, 10.5318
300, 0.42, 10.5784
301, 0.99, 10.6032
302, 0.00, 10.6390
303, 0.26, 10.5884
304, 0.26, 10.5562
305, -0.07, 10.6479
306, 0.11, 10.5788
307, -0.33, 10.5514
308, -0.54, 10.5917
309, -1.35, 10.5632
310, -0.52, 10.4940
311, 0.45, 10.6802
312, 0.06, 10.6322
313, 0.74, 10.5591
314, 1.00, 10.5917
315, 0.06, 10.5529
316, -0.04, 10.5642
317, 0.03, 10.5426
318, 0.21, 10.5714
319, -0.58, 10.5403
320, 0.96, 10.5974
321, -0.45, 10.4908
322, -0.06, 10.5578
323, -0.86, 10.5300
324, 0.25, 10.5867
325, 0.78, 10.5103
326, 0.03, 10.5681
327, -0.80, 10.5161
328, -0.46, 10.4698
329, -0.32, 10.4635
330, 0.23, 10.5008
331, -1.81, 10.5384
332, -0.49, 10.5077
333, -0.15, 10.6169
334, -1.31, 10.5172
335, -0.17, 10.5226
336, -1.21, 10.4899
337, -0.20, 10.4841
338, 0.07, 10.4866
339, -1.11, 10.5019
340, 1.09, 10.4721
341, -0.27, 10.5074
342, -0.77, 10.4142
343, 1.09, 10.4950
344, -0.09, 10.4428
345, -0.93, 10.4817
346, 0.36, 10.4277
347, -0.00, 10.4872
348, -0.07, 10.4635
349, -0.58, 10.4450
350, -0.50, 10.4761
351, 0.13, 10.4968
352, -0.96, 10.4635
353, 0.24, 10.4857
354, -0.71, 10.4934
355, 0.10, 10.4465
356, -0.37, 10.4476
357, -0.45, 10.4172
358, 0.12, 10.4491
359, -0.55, 10.4442
360, 0.17, 10.4634
361, -0.24, 10.4509
362, -0.29, 10.4095
363, 0.24, 10.4890
364, -1.54, 10.4724
365, 0.13, 10.4481
366, -2.27, 10.4541
367, -1.62, 10.5217
368, -0.52, 10.4255
369, -0.65, 10.4391
370, 0.15, 10.4962
371, 0.49, 10.4450
372, 0.02, 10.4692
373, -1.16, 10.4378
374, -0.11, 10.4389
375, 0.42, 10.4429
376, 0.37, 10.3783
377, -0.14, 10.4322
378, -0.29, 10.5151
379, 0.57, 10.4587
380, -0.79, 10.3752
381, -0.57, 10.4770
382, 0.78, 10.4076
383, 0.67, 10.3958
384, -0.10, 10.4023
385, 0.75, 10.4010
386, -0.36, 10.3841
387, -0.17, 10.3830
388, -1.41, 10.3493
389, 0.57, 10.3786
390, 0.09, 10.3617
391, 0.50, 10.3738
392, 0.59, 10.3636
393, -0.05, 10.4150
394, -0.03, 10.4026
395, 1.17, 10.3941
396, 1.88, 10.3687
397, -0.81, 10.3577
398, 0.24, 10.4229
399, -0.26, 10.3580
400, 1.11, 10.3742
401, -0.02, 10.4144
402, 0.63, 10.3321
403, -0.01, 10.3709
404, -0.05, 10.3313
405, -0.66, 10.3190
406, 0.41, 10.3954
407, -0.33, 10.3230
408, 0.05, 10.3166
409, -0.08, 10.3103
410, 0.37, 10.3066
411, -0.83, 10.3729
412, -0.98, 10.3775
413, -0.04, 10.3752
414, 0.02, 10.3305
415, 1.07, 10.3089
416, 0.52, 10.3514
417, -0.79, 10.3529
418, -1.31, 10.3401
419, -0.60, 10.3426
420, 1.03, 10.3140
421, -0.06, 10.3534
422, 0.53, 10.3574
423, 0.65, 10.2716
424, -1.43, 10.3431
425, -0.09, 10.3029
426, 0.63, 10.3511
427, -0.89, 10.3538
428, -0.95, 10.2956
429, -0.32, 10.3592
430, 0.04, 10.3798
431, 0.34, 10.2945
432, -0.93, 10.2827
433, -0.98, 10.3351
434, -0.72, 10.3150
435, 0.07, 10.3306
436, -0.34, 10.3004
437, 0.29, 10.3329
438, -0.88, 10.1836
439, -0.34, 10.3435
440, 0.22, 10.3243
441, 0.67, 10.3234
442, -0.95, 10.2073
443, -0.22, 10.3208
444, -1.71, 10.2859
445, -0.67, 10.2368
446, 0.70, 10.3021
447, 0.64, 10.2578
448, -0.59, 10.2908
449, -0.16, 10.2976
450, -0.92, 10.3496
451, -1.14, 10.2873
452, 1.20, 10.2921
453, 0.94, 10.2512
454, -1.91, 10.3464
455, -0.47, 10.2666
456, 0.31, 10.2927
457, -0.07, 10.2570
458, 1.68, 10.3452
459, 1.22, 10.2382
460, -1.47, 10.3040
461, -0.94, 10.2500
462, -0.55, 10.2196
463, -0.88, 10.2350
464, -0.68, 10.2649
465, 0.72, 10.2334
466, -0.96, 10.3042
467, -0.38, 10.2509
468, 0.15, 10.2471
469, 0.04, 10.2399
470, 0.64, 10.2697
471, -0.03, 10.2210
472, 0.79, 10.2247
473, 1.19, 10.2264
474, 0.33, 10.2245
475, 0.30, 10.2662
476, 0.64, 10.2182
477, 0.25, 10.2049
478, 0.60, 10.2747
479, 0.69, 10.2279
480, -0.11, 10.2844
481, 1.03, 10.2410
482, 0.69, 10.2502
483, -1.61, 10.1953
484, 1.74, 10.2323
485, -0.40, 10.2024
486, -0.77, 10.1944
487, -0.99, 10.2561
488, 0.06, 10.2266
489, -0.48, 10.1944
490, -0.02, 10.2297
491, -0.16, 10.2252
492, -2.08, 10.1727
493, -0.71, 10.1948
494, -1.19, 10.3203
495, -0.30, 10.2484
496, 1.23, 10.2000
497, -0.67, 10.1591
498, 0.44, 10.2634
499, 0.57, 10.1877
500, 0.31, 10.1674
501, -1.03, 10.1389
502, -0.45, 10.2086
503, -1.11, 10.1991
504, -0.05, 10.2424
505, -0.79, 10.1493
506, 0.15, 10.2475
507, -0.19, 10.2465
508, -0.25, 10.1836
509, 0.85, 10.1884
510, 0.99, 10.2200
511, 0.02, 10.2092
512, -0.94, 10.1822
513, -2.06, 10.1290
514, 0.74, 10.2276
515, -0.09, 10.1656
516, 0.07, 10.0884
517, -0.25, 10.1480
518, 1.14, 10.2001
519, 1.20, 10.1957
520, -0.67, 10.2095
521, -1.02, 10.1454
522, -0.39, 10.2002
523, -0.53, 10.1811
524, 0.29, 10.1842
525, -0.14, 10.0708
526, -0.28, 10.1247
527, -0.50, 10.1597
528, 0.75, 10.1188
529, -0.34, 10.1219
530, 1.14, 10.1530
531, 0.56, 10.1571
532, -0.99, 10.1774
533, -0.62, 10.1076
534, -0.78, 10.0804
535, -0.24, 10.0521
536, 0.74, 10.1226
537, -2.04, 10.1130
538, -0.84, 10.1281
539, -1.78, 10.1398
540, 1.01, 10.1329
541, 0.03, 10.1206
542, -0.39, 10.0804
543, 0.45, 10.0742
544, 0.41, 10.0239
545, 0.42, 10.1254
546, -0.75, 10.1183
547, 0.12, 10.0870
548, 0.21, 10.1065
549, 0.62, 10.0664
550, 0.47, 10.1176
551, 2.21, 10.0924
552, -1.34, 9.9965
553, -2.25, 10.1345
554, 0.04, 10.0646
555, 0.34, 10.1109
556, -0.06, 10.0289
557, 0.29, 10.0451
558, 0.01, 10.0503
559, -0.12, 10.0648
560, -1.36, 10.1042
561, 0.29, 10.0618
562, 1.82, 10.0355
563, -0.07, 10.0296
564, 1.15, 10.0274
565, 0.37, 10.0636
566, -0.08, 10.0171
567, 0.06, 10.0599
568, 1.35, 10.0487
569, 1.31, 10.0112
570, -1.38, 9.9935
571, 0.88, 9.9854
572, 0.39, 9.9595
573, -0.24, 9.9924
574, -0.06, 10.0072
575, -2.06, 10.0190
576, 0.04, 10.0697
577, -0.12, 9.9646
578, -0.68, 10.0408
579, 1.56, 9.9839
580, -0.61, 10.0031
581, 1.57, 10.0257
582, -1.12, 9.9882
583, -1.78, 9.9940
584, -0.79, 9.9928
585, -1.39, 9.9604
586, -0.58, 9.9273
587, -0.93, 9.9317
588, -2.34, 9.9491
589, -1.07, 9.9169
590, -0.20, 9.9551
591, -0.70, 9.9570
592, -0.86, 10.0060
593, 0.48, 9.9534
594, -0.69, 9.9256
595, 0.75, 9.9427
596, -0.20, 9.9408
597, -1.11, 9.8834
598, 0.09, 9.8761
599, -1.32, 9.9437
600, -0.76, 9.8986
601, -1.21, 9.8981
602, -0.41, 9.8917
603, 0.13, 9.8809
604, -1.60, 9.8713
605, -0.74, 9.8320
606, 0.51, 9.9175
607, -0.47, 9.8576
608, -0.34, 9.9417
609, -0.44, 9.9399
610, -0.39, 9.8480
611, 0.01, 9.8176
612, 0.92, 9.8648
613, -0.06, 9.8707
614, 0.34, 9.8956
615, 0.65, 9.8469
616, -0.57, 9.8185
617, 0.83, 9.7860
618, -0.76, 9.9165
619, 0.18, 9.8507
620, 0.18, 9.8577
621, -0.16, 9.8815
622, -0.93, 9.8212
623, -0.82, 9.8271
624, 0.40, 9.8094
625, -0.51, 9.8386
626, -0.70, 9.8000
627, -1.10, 9.7596
628, -1.57, 9.7355
629, -0.21, 9.7150
630, -1.14, 9.7711
631, 0.87, 9.7100
632, 0.23, 9.7697
633, 0.27, 9.7691
634, -1.66, 9.7380
635, -0.70, 9.7394
636, -0.99, 9.7480
637, -0.88, 9.7224
638, 1.26, 9.7184
639, -0.01, 9.8034
640, -0.25, 9.7553
641, 0.42, 9.7562
642, -0.98, 9.7333
643, -0.86, 9.7510
644, -1.46, 9.7085
645, -0.68, 9.7057
646, -1.48, 9.7134
647, -0.21, 9.6567
648, -0.21, 9.7113
649, -0.28, 9.7126
650, 0.18, 9.7318
651, -0.59, 9.6942
652, 0.13, 9.7224
653, 0.36, 9.6512
654, -0.22, 9.6429
655, 0.28, 9.7040
656, 0.52, 9.6475
657, 0.59, 9.7116
658, -0.99, 9.6288
659, 1.17, 9.6713
660, 0.47, 9.6351
661, -0.53, 9.6452
662, -0.73, 9.6599
663, -1.52, 9.6515
664, 0.58, 9.6345
665, -0.34, 9.5681
666, -0.25, 9.5954
667, 0.92, 9.6056
668, -1.15, 9.5825
669, -0.34, 9.5975
670, 0.27, 9.5944
671, 0.46, 9.5860
672, -0.12, 9.5302
673, -0.19, 9.6347
674, 0.03, 9.5655
675, -0.67, 9.5759
676, 0.26, 9.5655
677, 0.87, 9.6124
678, 0.49, 9.5333
679, 1.06, 9.5460
680, -0.60, 9.5437
681, -0.98, 9.5499
682, 0.84, 9.5057
683, 1.61, 9.5515
684, -0.12, 9.5112
685, -1.28, 9.5042
686, -0.08, 9.5134
687, 0.58, 9.5523
688, -1.18, 9.5190
689, -0.82, 9.4657
690, -0.14, 9.4817
691, -1.42, 9.5225
692, -2.44, 9.4834
693, 0.02, 9.5058
694, 0.74, 9.4693
695, -0.39, 9.4944
696, -0.55, 9.4713
697, -1.62, 9.4719
698, -0.51, 9.4176
699, -0.29, 9.4558
700, -0.76, 9.4558
701, 0.60, 9.4078
702, 0.41, 9.4333
703, -0.54, 9.4465
704, 1.05, 9.4479
705, -0.36, 9.3865
706, -1.06, 9.4580
707, -2.10, 9.3312
708, 0.55, 9.3693
709, -0.21, 9.3755
710, -0.03, 9.4006
711, -0.29, 9.3718
712, -0.14, 9.3738
713, 0.78, 9.3974
714, -0.02, 9.3626
715, -0.48, 9.3509
716, -0.81, 9.3384
717, -0.32, 9.2458
718, -0.74, 9.3686
719, 0.44, 9.3247
720, 0.74, 9.3056
721, -0.09, 9.2841
722, -2.62, 9.2661
723, -0.72, 9.3311
724, 2.09, 9.2890
725, -0.94, 9.3390
726, -0.66, 9.2920
727, -0.32, 9.2837
728, -1.41, 9.2936
729, 0.31, 9.2905
730, -0.60, 9.2503
731, 0.07, 9.2908
732, -0.02, 9.3009
733, 0.08, 9.2534
734, 0.41, 9.2550
735, -1.24, 9.2465
736, 0.11, 9.1871
737, -0.66, 9.2322
738, -0.88, 9.3097
739, 1.56, 9.2214
740, 0.99, 9.2293
741, -0.38, 9.2415
742, -1.50, 9.2464
743, -0.02, 9.2129
744, 0.01, 9.2117
745, 0.68, 9.2160
746, 0.55, 9.2261
747, 0.73, 9.1999
748, -1.14, 9.1899
749, 0.29, 9.1631
750, 0.03, 9.1526
751, -0.28, 9.1858
752, -1.42, 9.1720
753, -0.39, 9.1504
754, -1.18, 9.1468
755, -0.64, 9.1122
756, -1.38, 9.1702
757, -0.21, 9.1486
758, 0.68, 9.0876
759, 0.94, 9.1466
760, -0.86, 9.1407
761, 0.39, 9.1270
762, -1.70, 9.1484
763, -0.67, 9.1611
764, -1.20, 9.1697
765, -0.85, 9.1566
766, 0.56, 9.1671
767, 1.12, 9.1684
768, -1.63, 9.1570
769, 0.40, 9.1302
770, -1.31, 9.1176
771, 1.07, 9.1873
772, -1.66, 9.1204
773, -0.10, 9.0866
774, -0.44, 9.1667
775, -1.75, 9.1132
776, -1.01, 9.0898
777, -0.16, 9.0976
778, -0.90, 9.1140
779, 0.65, 9.0901
780, -0.03, 9.1633
781, 0.94, 9.1231
782, -0.24, 9.1635
783, -0.31, 9.1680
784, 0.74, 9.1354
785, -0.26, 9.1065
786, -0.76, 9.0575
787, -1.00, 9.1723
788, -0.21, 9.0584
789, 0.01, 9.0249
790, -0.16, 9.0572
791, -0.12, 9.0747
792, -0.45, 9.0882
793, -0.25, 8.9972
794, -1.65, 9.0418
795, -1.23, 9.0407
796, -1.24, 9.0484
797, -0.38, 9.0842
798, 0.31, 9.0335
799, -1.17, 9.0055
800, -1.13, 9.0236
801, -0.49, 9.0213
802, -1.11, 8.9833
803, -1.98, 9.0122
804, -1.04, 8.9934
805, 0.67, 8.9981
806, -1.41, 8.9957
807, 0.31, 8.9892
808, -0.34, 8.9375
809, 0.41, 8.9930
810, 1.02, 9.0424
811, -0.19, 8.9773
812, -1.96, 8.9520
813, -1.18, 8.9498
814, 0.73, 8.9581
815, 0.04, 8.9617
816, -0.48, 8.9280
817, -1.63, 8.9683
818, -0.06, 8.9142
819, -1.10, 8.9711
820, -0.32, 8.9654
821, -0.28, 8.9334
822, -0.85, 8.9551
823, -0.00, 8.9385
824, -0.64, 8.9186
825, -0.65, 8.8722
826, -0.13, 8.9327
827, 1.07, 8.9367
828, 0.87, 8.8786
829, -0.36, 8.9096
830, 1.06, 8.8817
831, 0.14, 8.8746
832, 0.13, 8.8794
833, -0.74, 8.8638
834, 0.64, 8.8714
835, 0.35, 8.8853
836, 1.00, 8.8802
837, 1.03, 8.8581
838, -0.22, 8.8133
839, -1.95, 8.8819
840, -0.48, 8.8507
841, -0.34, 8.8250
842, -0.95, 8.7910
843, -0.24, 8.8065
844, 0.17, 8.7631
845, -1.13, 8.7966
846, -1.48, 8.8582
847, -0.22, 8.8183
848, -1.38, 8.8116
849, -0.20, 8.7925
850, -0.32, 8.7940
851, 0.12, 8.7693
852, -0.27, 8.7988
853, -0.63, 8.8066
854, 0.99, 8.8257
855, -0.26, 8.7830
856, -0.55, 8.7891
857, -0.66, 8.7992
858, -0.58, 8.8503
859, -1.22, 8.7651
860, 0.92, 8.8203
861, -0.04, 8.7769
862, -0.59, 8.7861
863, -0.62, 8.8200
864, 0.29, 8.7806
865, -0.38, 8.8132
866, -0.82, 8.8318
867, 0.22, 8.7683
868, -0.89, 8.7719
869, 0.28, 8.7504
870, 0.84, 8.7665
871, 0.77, 8.7426
872, -2.29, 8.7059
873, -0.81, 8.7798
874, -0.26, 8.7399
875, 0.78, 8.7251
876, -0.42, 8.7458
877, 0.14, 8.7097
878, -0.27, 8.7677
879, -0.20, 8.7262
880, 0.58, 8.7024
881, 0.41, 8.7160
882, -1.38, 8.6907
883, -0.67, 8.7398
884, -0.39, 8.7472
885, -0.32, 8.6693
886, -0.13, 8.7228
887, -0.82, 8.7106
888, -0.33, 8.7228
889, 0.05, 8.6810
890, -0.38, 8.6682
891, -1.57, 8.6909
892, -0.04, 8.6687
893, -1.20, 8.7151
894, 0.29, 8.6546
895, -0.27, 8.6544
896, 0.90, 8.6625
897, -0.19, 8.7150
898, -1.86, 8.6580
899, -0.79, 8.6591
900, -0.52, 8.6273
901, -0.27, 8.6644
902, 0.32, 8.6670
903, 1.17, 8.6642
904, -0.47, 8.7110
905, -0.91, 8.6212
906, -0.74, 8.6263
907, -0.02, 8.6485
908, -1.12, 8.6785
909, 0.09, 8.6505
910, -0.84, 8.6283
911, -0.10, 8.6361
912, -2.30, 8.6663
913, -0.02, 8.6211
914, -0.08, 8.6087
915, -0.43, 8.6626
916, -0.44, 8.5972
917, -0.53, 8.6128
918, -1.16, 8.6559
919, 0.28, 8.5575
920, -0.41, 8.6174
921, 0.66, 8.5942
922, 0.27, 8.6399
923, 0.25, 8.5754
924, -2.62, 8.5676
925, -0.03, 8.5963
926, -0.42, 8.6045
927, -0.75, 8.6162
928, -2.15, 8.6175
929, 0.52, 8.5519
930, -1.02, 8.5593
931, -0.12, 8.5246
932, -0.71, 8.5429
933, -1.62, 8.5664
934, 0.47, 8.5353
935, -0.57, 8.5466
936, -0.24, 8.5131
937, 0.67, 8.5572
938, -0.71, 8.4807
939, 1.46, 8.5605
940, -1.07, 8.5357
941, 0.23, 8.5645
942, -0.64, 8.4891
943, -2.04, 8.5121
944, 0.24, 8.5490
945, -1.53, 8.5715
946, -1.04, 8.5197
947, -0.11, 8.5401
948, -0.42, 8.4675
949, -0.05, 8.4683
950, -1.75, 8.4782
951, 0.97, 8.5168
952, -1.45, 8.4481
953, -2.59, 8.4686
954, -0.24, 8.4839
955, 0.35, 8.4694
956, -0.38, 8.4618
957, -1.21, 8.4717
958, -1.01, 8.4111
959, -0.54, 8.4422
960, 0.16, 8.4545
961, -0.99, 8.4613
962, 0.16, 8.4370
963, 0.18, 8.4219
964, -0.64, 8.4111
965, -0.35, 8.3998
966, 0.22, 8.4230
967, 0.36, 8.4308
968, 0.18, 8.4300
969, -0.89, 8.3029
970, -0.73, 8.4213
971, -0.30, 8.4041
972, -0.18, 8.3859
973, 1.67, 8.3743
974, 0.42, 8.3781
975, -1.69, 8.3841
976, -1.83, 8.4105
977, 0.84, 8.3799
978, -1.40, 8.3741
979, -0.43, 8.4209
980, -0.25, 8.3867
981, 0.05, 8.3643
982, -0.67, 8.3282
983, 0.12, 8.3530
984, -0.75, 8.3828
985, 0.43, 8.3799
986, 0.81, 8.3863
987, 0.38, 8.3928
988, -0.78, 8.3650
989, 0.49, 8.3777
990, 0.09, 8.3931
991, -1.59, 8.3636
992, -0.95, 8.3168
993, -0.69, 8.3575
994, -0.77, 8.3710
995, -0.11, 8.3528
996, 0.82, 8.3491
997, -0.34, 8.3080
998, 0.86, 8.2460
999, -0.88, 8.3111
1000, 0.19, 8.3348
1001, -1.47, 8.2988
1002, -0.19, 8.2876
1003, -1.42, 8.2786
1004, -0.24, 8.2988
1005, 0.88, 8.2869
1006, 0.76, 8.3059
1007, -0.23, 8.2867
1008, -0.46, 8.2549
1009, -0.51, 8.2408
1010, 0.10, 8.2833
1011, -1.47, 8.2626
1012, -0.68, 8.2503
1013, -1.66, 8.2444
1014, -1.27, 8.1975
1015, 0.33, 8.2733
1016, 0.64, 8.2259
1017, -0.10, 8.2428
1018, -0.11, 8.2598
1019, -1.01, 8.2651
1020, -1.98, 8.2417
1021, -0.42, 8.2109
1022, -0.57, 8.1911
1023, -0.05, 8.2328
1024, 0.19, 8.2119
1025, -0.34, 8.2366
1026, -1.00, 8.1520
1027, 0.65, 8.2012
1028, -1.21, 8.2189
1029, -0.04, 8.1413
1030, -0.43, 8.2012
1031, 0.76, 8.1582
1032, -0.49, 8.1823
1033, -0.13, 8.1391
1034, -0.16, 8.1893
1035, -1.24, 8.1780
1036, 1.41, 8.1538
1037, -0.31, 8.1419
1038, 0.04, 8.1811
1039, -1.84, 8.0595
1040, -0.23, 8.1777
1041, 0.42, 8.1490
1042, -0.74, 8.1754
1043, -0.15, 8.1236
1044, 0.41, 8.1676
1045, 0.76, 8.1142
1046, -0.95, 8.1143
1047, 0.20, 8.1646
1048, -0.54, 8.1179
1049, -0.93, 8.1325
1050, -0.68, 8.1190
1051, 0.18, 8.0898
1052, -0.46, 8.1470
1053, -0.12, 8.0968
1054, -0.64, 8.1437
1055, -1.83, 8.1214
1056, -0.14, 8.0913
1057, -1.80, 8.0451
1058, 0.51, 8.0942
1059, 0.28, 8.0718
1060, -1.33, 8.1070
1061, 0.44, 8.0882
1062, -0.02, 8.0447
1063, -1.73, 8.1223
1064, 0.04, 8.0511
1065, -0.47, 8.0635
1066, -0.88, 8.0490
1067, -0.41, 8.1369
1068, 0.50, 8.1096
1069, -0.93, 8.0882
1070, 0.19, 8.0645
1071, -1.24, 8.1009
1072, -0.68, 8.0275
1073, 0.48, 8.0265
1074, -0.20, 8.0495
1075, -1.27, 8.0691
1076, -0.52, 8.0263
1077, -0.51, 8.0065
1078, 0.12, 8.0414
1079, 0.08, 8.0824
1080, -0.03, 8.0436
1081, -1.62, 8.0062
1082, -0.23, 8.0299
1083, -0.75, 7.9911
1084, -1.01, 8.0121
1085, 0.26, 8.0032
1086, -0.62, 8.0626
1087, -1.54, 8.0612
1088, -0.92, 7.9979
1089, -0.65, 8.0748
1090, -0.67, 8.0322
1091, 0.00, 8.0295
1092, 0.20, 7.9616
1093, -0.58, 8.0070
1094, -0.09, 8.0076
1095, -0.91, 7.9833
1096, -1.58, 7.9946
1097, -1.14, 7.9973
1098, -0.90, 7.9648
1099, -1.50, 7.9693
1100, 0.38, 7.9613
1101, 0.12, 7.9093
1102, -1.15, 7.9438
1103, -0.22, 7.9706
1104, -1.52, 7.9739
1105, -0.36, 7.9280
1106, -0.91, 7.9383
1107, -2.45, 7.9738
1108, -0.68, 7.9884
1109, -0.20, 7.9552
1110, -1.93, 7.9574
1111, 0.05, 7.9187
1112, -0.17, 7.9424
1113, -0.44, 7.9740
1114, -0.62, 8.0074
1115, -0.52, 7.9321
1116, -1.87, 7.9477
1117, -0.41, 7.9423
1118, -2.65, 7.9339
1119, -1.04, 7.8836
1120, -1.52, 7.9132
1121, -0.41, 7.9474
1122, -1.42, 7.9366
1123, -0.46, 7.9177
1124, -0.24, 7.8945
1125, -1.59, 7.9090
1126, -0.69, 7.9618
1127, -1.31, 7.8929
1128, -0.68, 7.8904
1129, -0.50, 7.8954
1130, -0.08, 7.9278
1131, -0.04, 7.9118
1132, 0.78, 7.9167
1133, 0.46, 7.8747
1134, 0.70, 7.8530
1135, -0.09, 7.9146
1136, -0.60, 7.9068
1137, -1.95, 7.8996
1138, -0.23, 7.8247
1139, -0.52, 7.8559
1140, -2.16, 7.8639
1141, -0.78, 7.8582
1142, -0.86, 7.8364
1143, 0.05, 7.8305
1144, -0.57, 7.8509
1145, -0.91, 7.8167
1146, -0.59, 7.8270
1147, -0.40, 7.8482
1148, -0.40, 7.8381
1149, -0.61, 7.8676
1150, 0.09, 7.8104
1151, -1.63, 7.8032
1152, -0.36, 7.7947
1153, -1.17, 7.7773
1154, -2.38, 7.7665
1155, -0.57, 7.7857
1156, 0.35, 7.7301
1157, -0.89, 7.8340
1158, -1.65, 7.7519
1159, -1.92, 7.7460
1160, -0.69, 7.7239
1161, -1.28, 7.6771
1162, -1.01, 7.7611
1163, -1.62, 7.7033
1164, -0.13, 7.7220
1165, -2.08, 7.7196
1166, 0.40, 7.6948
1167, -0.70, 7.7019
1168, -1.56, 7.7159
1169, 0.38, 7.6952
1170, -1.70, 7.6420
1171, 0.62, 7.6616
1172, -1.96, 7.7036
1173, -0.53, 7.6850
1174, -0.17, 7.6967
1175, 1.07, 7.6547
1176, -1.10, 7.6799
1177, -1.10, 7.6605
1178, 0.69, 7.6240
1179, -0.47, 7.6536
1180, -0.11, 7.6940
1181, -0.71, 7.6133
1182, -0.18, 7.6743
1183, -1.28, 7.6286
1184, 0.16, 7.6722
1185, -1.60, 7.5864
1186, -1.48, 7.6224
1187, 0.45, 7.6311
1188, -0.65, 7.6296
1189, -0.37, 7.6501
1190, -0.23, 7.6290
1191, -0.70, 7.6423
1192, -0.55, 7.6193
1193, -1.08, 7.6404
1194, -0.80, 7.6596
1195, -0.54, 7.5979
1196, 0.53, 7.6072
1197, -0.92, 7.5773
1198, -1.16, 7.6093
1199, -0.99, 7.5822
1200, -0.60, 7.5808
1201, -1.82, 7.5516
1202, -1.05, 7.5769
1203, -1.19, 7.5932
1204, -0.14, 7.5612
1205, -0.40, 7.5618
1206, -0.87, 7.5478
1207, -1.28, 7.5216
1208, -0.17, 7.5447
1209, -0.68, 7.5419
1210, 0.31, 7.5061
1211, -2.19, 7.5235
1212, -0.28, 7.5316
1213, -0.84, 7.5618
1214, -0.70, 7.5622
1215, -0.86, 7.5459
1216, -0.03, 7.5180
1217, 0.90, 7.5016
1218, 0.10, 7.5070
1219, -0.50, 7.5096
1220, -1.12, 7.4632
1221, 0.74, 7.5381
1222, 0.17, 7.4774
1223, -0.22, 7.4767
1224, 0.70, 7.4686
1225, -0.22, 7.4317
1226, -0.46, 7.4733
1227, -0.01, 7.4648
1228, -0.84, 7.4709
1229, -0.59, 7.4801
1230, 0.69, 7.4162
1231, 0.43, 7.4417
1232, -0.44, 7.3975
1233, -0.74, 7.3908
1234, -0.87, 7.4306
1235, -0.06, 7.4540
1236, 0.04, 7.3722
1237, 0.21, 7.3972
1238, 1.27, 7.3980
1239, 0.66, 7.3557
1240, 0.04, 7.3735
1241, 1.69, 7.3674
1242, 1.45, 7.3565
1243, -1.00, 7.4167
1244, -0.78, 7.4069
1245, -0.67, 7.3750
1246, -0.81, 7.3709
1247, -1.22, 7.3540
1248, 0.22, 7.3268
1249, 1.18, 7.3420
1250, 0.54, 7.2880
1251, 1.24, 7.3622
1252, -0.85, 7.2980
1253, -0.79, 7.2874
1254, 0.96, 7.3089
1255, -0.58, 7.3393
1256, 0.39, 7.3185
1257, 0.54, 7.2902
1258, 0.37, 7.2595
1259, 0.68, 7.2393
1260, -0.18, 7.2728
1261, -1.25, 7.2383
1262, -0.97, 7.2566
1263, -1.50, 7.2628
1264, -0.70, 7.2260
1265, -0.92, 7.2138
1266, 0.87, 7.2368
1267, -0.70, 7.2269
1268, -0.15, 7.2107
1269, 1.90, 7.2448
1270, 0.33, 7.1814
1271, -0.15, 7.2358
1272, 0.76, 7.1871
1273, 0.39, 7.1572
1274, -0.72, 7.2186
1275, -0.30, 7.2292
1276, -1.33, 7.1940
1277, -1.04, 7.2302
1278, -1.52, 7.1814
1279, -0.24, 7.2156
1280, -0.69, 7.1932
1281, -1.12, 7.2021
1282, -0.93, 7.2231
1283, 0.04, 7.2077
1284, -0.36, 7.1775
1285, -1.14, 7.1780
1286, -1.08, 7.1600
1287, -0.97, 7.1995
1288, -0.47, 7.1941
1289, 1.02, 7.1746
1290, 0.11, 7.2007
1291, -0.99, 7.1997
1292, -0.35, 7.1367
1293, -0.15, 7.1930
1294, -0.85, 7.1861
1295, -1.08, 7.1233
1296, -0.13, 7.2208
1297, -1.53, 7.2119
1298, -0.68, 7.1530
1299, -0.78, 7.1744
1300, -0.69, 7.1822
1301, -0.05, 7.1270
1302, -0.26, 7.1184
1303, 1.10, 7.1427
1304, 0.70, 7.1744
1305, -0.13, 7.1687
1306, -1.30, 7.2087
1307, -2.01, 7.1327
1308, -2.24, 7.1510
1309, 0.74, 7.1625
1310, -0.29, 7.1806
1311, 0.05, 7.1612
1312, -0.50, 7.2140
1313, -0.32, 7.1239
1314, -1.44, 7.1227
1315, -0.39, 7.1637
1316, -0.09, 7.1209
1317, -0.10, 7.1192
1318, -0.23, 7.1435
1319, 0.11, 7.1236
1320, 0.45, 7.1124
1321, -1.05, 7.1311
1322, -1.90, 7.1480
1323, 0.13, 7.0750
1324, 0.17, 7.1177
1325, -0.87, 7.1264
1326, 0.49, 7.0973
1327, -0.67, 7.1870
1328, -1.38, 7.1051
1329, 0.09, 7.1531
1330, -1.01, 7.1051
1331, 0.14, 7.0838
1332, 0.95, 7.0936
1333, -1.00, 7.1312
1334, -0.64, 7.0760
1335, 0.05, 7.1518
1336, -0.19, 7.0877
1337, 0.88, 7.0918
1338, 0.02, 7.1230
1339, 0.07, 7.0826
1340, -0.69, 7.0893
1341, 0.42, 7.1060
1342, -2.07, 7.0986
1343, -0.52, 7.0824
1344, -1.13, 7.0580
1345, -0.42, 7.1201
1346, -0.12, 7.1319
1347, -1.07, 7.1039
1348, -2.69, 7.1096
1349, -0.52, 7.0941
1350, -0.58, 7.0934
1351, -0.97, 7.0923
1352, -0.72, 7.0834
1353, -0.68, 7.0676
1354, -1.53, 7.0771
1355, -0.93, 7.0570
1356, -0.08, 7.1144
1357, 0.45, 7.1068
1358, -0.12, 7.0975
1359, 0.32, 7.0855
1360, -0.22, 7.0955
1361, -0.95, 7.0624
1362, 0.39, 7.1314
1363, -0.58, 7.1299
1364, -1.07, 7.0974
1365, -1.53, 7.0800
1366, -0.39, 7.0812
1367, -0.85, 7.1186
1368, 0.83, 7.0985
1369, 0.20, 7.0861
1370, -0.18, 7.1181
1371, -0.58, 7.1084
1372, -0.10, 7.0778
1373, -1.05, 7.1365
1374, -0.68, 7.0712
1375, 0.34, 7.0930
1376, -1.46, 7.0606
1377, -0.95, 7.0754
1378, -0.67, 7.1400
1379, 0.57, 7.0977
1380, -0.96, 7.0575
1381, 0.11, 7.0316
1382, -1.18, 7.0983
1383, -0.44, 7.0896
1384, 0.62, 7.0911
1385, -0.86, 7.0634
1386, -1.64, 7.1242
1387, -0.83, 7.0660
1388, 0.09, 7.1329
1389, -1.01, 7.1186
1390, -0.60, 7.1518
1391, -1.48, 7.1179
1392, -0.61, 7.1308
1393, -0.66, 7.1501
1394, -1.11, 7.0796
1395, -0.97, 7.1088
1396, 0.41, 7.1619
1397, -1.15, 7.1777
1398, -1.27, 7.1611
1399, -0.12, 7.1342
1400, -1.41, 7.1348
1401, -0.55, 7.1871
1402, -1.68, 7.1114
1403, 0.18, 7.2218
1404, -0.60, 7.1468
1405, -1.35, 7.1842
1406, -1.38, 7.1805
1407, -1.80, 7.1911
1408, -1.18, 7.2004
1409, -1.16, 7.1469
1410, -0.88, 7.2099
1411, -1.82, 7.2016
1412, -0.99, 7.2031
1413, -1.52, 7.2312
1414, -1.83, 7.1742
1415, -0.30, 7.1913
1416, -1.09, 7.2450
1417, -0.89, 7.2145
1418, -0.57, 7.1863
1419, -0.25, 7.2619
1420, -1.40, 7.2612
1421, 0.43, 7.1872
1422, -1.26, 7.1956
1423, -0.31, 7.2347
1424, -0.28, 7.1690
1425, 0.20, 7.1591
1426, -1.88, 7.2366
1427, -0.88, 7.2084
1428, -0.02, 7.2376
1429, -0.99, 7.2570
1430, 0.21, 7.2579
1431, -1.00, 7.2598
1432, -1.51, 7.2126
1433, -1.37, 7.2267
1434, -0.82, 7.2220
1435, 0.18, 7.2733
1436, -1.17, 7.1867
1437, -0.77, 7.2058
1438, 0.43, 7.2109
1439, -0.25, 7.2609
1440, -0.81, 7.2566
1441, -1.09, 7.2902
1442, 0.53, 7.2719
1443, -0.60, 7.1660
1444, -0.09, 7.2161
1445, -0.70, 7.2712
1446, -1.59, 7.2535
1447, 0.43, 7.2297
1448, 0.01, 7.2594
1449, -1.39, 7.2818
1450, -0.38, 7.2051
1451, -0.76, 7.2053
1452, -0.85, 7.2463
1453, -0.80, 7.2614
1454, -0.15, 7.2237
1455, 0.01, 7.3019
1456, -0.81, 7.2814
1457, -0.76, 7.2417
1458, -2.64, 7.2283
1459, -0.21, 7.2059
1460, -0.13, 7.2155
1461, -1.56, 7.2503
1462, -0.76, 7.2684
1463, 1.40, 7.2814
1464, -0.77, 7.2801
1465, -1.78, 7.2720
1466, 0.04, 7.2289
1467, -0.62, 7.2762
1468, -1.34, 7.3008
1469, -1.54, 7.2952
1470, -1.40, 7.3224
1471, -2.35, 7.2919
1472, -1.55, 7.3258
1473, -0.39, 7.2889
1474, 0.22, 7.2972
1475, -0.97, 7.2869
1476, -2.22, 7.2911
1477, 0.58, 7.3391
1478, -0.16, 7.3174
1479, -1.29, 7.3691
1480, 1.22, 7.3144
1481, -0.92, 7.3394
1482, -0.41, 7.3138
1483, 0.39, 7.3662
1484, -2.49, 7.3580
1485, 0.27, 7.3544
1486, -0.14, 7.3900
1487, -0.76, 7.3792
1488, -1.00, 7.3685
1489, -0.44, 7.3922
1490, -1.28, 7.3901
1491, 0.33, 7.3878
1492, -0.85, 7.3617
1493, -0.50, 7.3750
1494, -0.25, 7.3921
1495, -1.92, 7.4048
1496, -1.38, 7.4383
1497, -1.54, 7.4177
1498, -1.48, 7.3702
1499, -0.54, 7.4231
1500, -0.94, 7.4317
1501, -1.39, 7.3882
1502, 0.14, 7.4650
1503, -0.81, 7.4387
1504, -1.06, 7.4422
1505, -0.30, 7.3996
1506, -1.03, 7.4650
1507, -0.32, 7.3723
1508, 0.50, 7.4519
1509, 0.14, 7.4731
1510, -0.41, 7.4715
1511, -1.14, 7.4621
1512, 0.04, 7.4736
1513, -0.81, 7.4611
1514, 0.10, 7.5029
1515, -1.56, 7.4574
1516, -0.12, 7.4687
1517, -1.72, 7.4551
1518, -0.30, 7.4683
1519, -0.58, 7.4512
1520, -0.88, 7.4162
1521, 0.23, 7.4581
1522, -0.29, 7.4386
1523, -0.28, 7.4749
1524, -0.90, 7.4097
1525, -0.64, 7.4592
1526, -1.56, 7.4533
1527, -0.38, 7.4288
1528, -0.68, 7.4272
1529, -0.34, 7.4417
1530, -1.75, 7.4215
1531, -0.95, 7.4243
1532, -1.36, 7.4114
1533, -0.15, 7.4540
1534, -0.05, 7.4382
1535, -1.75, 7.4242
1536, -0.12, 7.4525
1537, -2.11, 7.4523
1538, -1.30, 7.3967
1539, 1.54, 7.4278
1540, -0.78, 7.4331
1541, -1.17, 7.4656
1542, -0.81, 7.4274
1543, -1.13, 7.4249
1544, 0.97, 7.4481
1545, 0.39, 7.4767
1546, -1.91, 7.4228
1547, -0.70, 7.4398
1548, -0.65, 7.4518
1549, -0.72, 7.4432
1550, -0.31, 7.4550
1551, -1.07, 7.3601
1552, -1.11, 7.4176
1553, -0.71, 7.4505
1554, 0.06, 7.4044
1555, -0.05, 7.4191
1556, -0.64, 7.4892
1557, -0.36, 7.4468
1558, 0.84, 7.4359
1559, -1.13, 7.4791
1560, -0.30, 7.4147
1561, -0.88, 7.4276
1562, -0.62, 7.4338
1563, -1.62, 7.4279
1564, -0.17, 7.4479
1565, 0.82, 7.4263
1566, -1.15, 7.4008
1567, -1.69, 7.3988
1568, -0.84, 7.4350
1569, 0.37, 7.4432
1570, -0.67, 7.4506
1571, 0.60, 7.4313
1572, -1.16, 7.4396
1573, -0.18, 7.4417
1574, -0.64, 7.3756
1575, -0.00, 7.4326
1576, -0.81, 7.4565
1577, 0.16, 7.4379
1578, -1.49, 7.4439
1579, -1.39, 7.4269
1580, -0.68, 7.4239
1581, -0.18, 7.4416
1582, -1.61, 7.4134
1583, -1.75, 7.4066
1584, -1.47, 7.3964
1585, -1.30, 7.3978
1586, -0.27, 7.3905
1587, -0.16, 7.3906
1588, -2.13, 7.4230
1589, -0.11, 7.3486
1590, -1.47, 7.4495
1591, -1.68, 7.4075
1592, -0.35, 7.4049
1593, 0.27, 7.4078
1594, -0.95, 7.3991
1595, -0.10, 7.4443
1596, -3.05, 7.3861
1597, -1.42, 7.4343
1598, 0.08, 7.3442
1599, -2.22, 7.4042
1600, -0.62, 7.3768
1601, -2.47, 7.3968
1602, -1.78, 7.4239
1603, -1.78, 7.4273
1604, -0.33, 7.3660
1605, 0.37, 7.3918
1606, 0.53, 7.3643
1607, -0.94, 7.4384
1608, -0.93, 7.3900
1609, -0.37, 7.4130
1610, -2.86, 7.3956
1611, -1.90, 7.3906
1612, -0.55, 7.4005
1613, -0.60, 7.3857
1614, -0.85, 7.3759
1615, -1.04, 7.3728
1616, -0.42, 7.4250
1617, -1.24, 7.3818
1618, -1.26, 7.3872
1619, -1.66, 7.3737
1620, -0.46, 7.4162
1621, -1.36, 7.3830
1622, 0.27, 7.3708
1623, 0.32, 7.3600
1624, -0.91, 7.3570
1625, 0.35, 7.4082
1626, 0.06, 7.4096
1627, -1.82, 7.4116
1628, -0.97, 7.3620
1629, -1.92, 7.3463
1630, -0.13, 7.3226
1631, 0.05, 7.3464
1632, -0.24, 7.3426
1633, -1.41, 7.3504
1634, -1.00, 7.3377
1635, -1.63, 7.3126
1636, -0.99, 7.3569
1637, 1.67, 7.3349
1638, 0.20, 7.2865
1639, -1.40, 7.3483
1640, 0.99, 7.3152
1641, 0.21, 7.2691
1642, -1.04, 7.2812
1643, -0.28, 7.2894
1644, -0.08, 7.3071
1645, -1.17, 7.2888
1646, -1.29, 7.2784
1647, -1.39, 7.3070
1648, -0.36, 7.3019
1649, -0.96, 7.2679
1650, -0.36, 7.3040
1651, -0.19, 7.2845
1652, -0.79, 7.2561
1653, -1.49, 7.2666
1654, -0.73, 7.2590
1655, -0.60, 7.1879
1656, -0.12, 7.2581
1657, -0.32, 7.2241
1658, 0.21, 7.1821
1659, -0.81, 7.2257
1660, 0.09, 7.1944
1661, -0.15, 7.2359
1662, -0.72, 7.2191
1663, -0.59, 7.1966
1664, 0.61, 7.1942
1665, -0.32, 7.1726
1666, 1.85, 7.1873
1667, 1.47, 7.1788
1668, 0.27, 7.1568
1669, -0.74, 7.1988
1670, -0.52, 7.2042
1671, -0.98, 7.1675
1672, -0.92, 7.1712
1673, -0.52, 7.1706
1674, 0.26, 7.1533
1675, -0.37, 7.1687
1676, -0.84, 7.2207
1677, -0.05, 7.1235
1678, -0.98, 7.1585
1679, -1.66, 7.1613
1680, 0.71, 7.1800
1681, 0.23, 7.1408
1682, 0.47, 7.1501
1683, -0.75, 7.1682
1684, -0.09, 7.1456
1685, 1.02, 7.1463
1686, 0.15, 7.0992
1687, -0.58, 7.1517
1688, -1.40, 7.1747
1689, 0.29, 7.1299
1690, -0.33, 7.1565
1691, -0.23, 7.1296
1692, -1.28, 7.1087
1693, -1.31, 7.0778
1694, -1.24, 7.1236
1695, -1.72, 7.0922
1696, -0.85, 7.1475
1697, -0.06, 7.1150
1698, -0.89, 7.0901
1699, -1.14, 7.1027
1700, -1.25, 7.0778
1701, 1.21, 7.1044
1702, -0.89, 7.0930
1703, -0.88, 7.0592
1704, -1.50, 7.1105
1705, 0.37, 7.0853
1706, -0.27, 7.0675
1707, 0.52, 7.0756
1708, -2.60, 7.0808
1709, -0.19, 7.0356
1710, -0.92, 7.0950
1711, -1.13, 7.0895
1712, -1.35, 7.0915
1713, -1.56, 7.0869
1714, 0.60, 7.0970
1715, -0.39, 7.1129
1716, -1.03, 7.0585
1717, -0.36, 7.0924
1718, -0.20, 7.0986
1719, -1.05, 7.0763
1720, -1.40, 7.0655
1721, -0.99, 7.1451
1722, 0.46, 7.0748
1723, 0.13, 7.0858
1724, -0.07, 7.0686
1725, 0.09, 7.1295
1726, -1.72, 7.0625
1727, 0.11, 7.0631
1728, -0.49, 7.0763
1729, -0.30, 7.1000
1730, -0.30, 7.1032
1731, -1.27, 7.0923
1732, -2.14, 7.1100
1733, -1.90, 7.0828
1734, -1.93, 7.1108
1735, -0.51, 7.0859
1736, -0.72, 7.0691
1737, 0.19, 7.0931
1738, -0.71, 7.1182
1739, 0.44, 7.0825
1740, -0.39, 7.0868
1741, -1.01, 7.0887
1742, -0.69, 7.0879
1743, -0.83, 7.0810
1744, -1.37, 7.0822
1745, 0.07, 7.0652
1746, 0.65, 7.1202
1747, -1.73, 7.0934
1748, -0.09, 7.0630
1749, -1.15, 7.1262
1750, -0.89, 7.0586
1751, -1.23, 7.0471
1752, -0.67, 7.0251
1753, -0.12, 7.0815
1754, 1.40, 7.0869
1755, -1.16, 7.0684
1756, -1.10, 7.0673
1757, -0.17, 7.0876
1758, -0.01, 7.0706
1759, -0.49, 7.0842
1760, -0.90, 7.0722
1761, 0.28, 7.0997
1762, -0.30, 7.0789
1763, -0.68, 7.0984
1764, -2.03, 7.0875
1765, -2.29, 7.1098
1766, -0.69, 7.1006
1767, -0.72, 7.1378
1768, -0.88, 7.0843
1769, -1.80, 7.1265
1770, 0.45, 7.0951
1771, -1.25, 7.1278
1772, -0.77, 7.1325
1773, -0.94, 7.1607
1774, -1.16, 7.1449
1775, -1.91, 7.1365
1776, -0.39, 7.1761
1777, 0.68, 7.2003
1778, -0.36, 7.1431
1779, -0.08, 7.1782
1780, -0.38, 7.1495
1781, -0.01, 7.1536
1782, -1.36, 7.1477
1783, -2.01, 7.1546
1784, -0.36, 7.1750
1785, -1.38, 7.1422
1786, -1.38, 7.1408
1787, -2.29, 7.1566
1788, -1.79, 7.1607
1789, -0.51, 7.1352
1790, -0.36, 7.1895
1791, -0.83, 7.1943
1792, -1.97, 7.2005
1793, -2.02, 7.1619
1794, 0.19, 7.1968
1795, -1.33, 7.2400
1796, -0.96, 7.2250
1797, -0.09, 7.1789
1798, 0.16, 7.1781
1799, -0.64, 7.2012
1800, -0.76, 7.1751
1801, 0.25, 7.2293
1802, 0.42, 7.2005
1803, -1.36, 7.2382
1804, -0.59, 7.2445
1805, 0.16, 7.2504
1806, -1.58, 7.2227
1807, 0.34, 7.2300
1808, -0.61, 7.2484
1809, -1.78, 7.2506
1810, -0.07, 7.2382
1811, -1.06, 7.2014
1812, -1.11, 7.2086
1813, -1.00, 7.2082
1814, -1.43, 7.2822
1815, -2.76, 7.2345
1816, -1.68, 7.2426
1817, -0.50, 7.2660
1818, 0.95, 7.2346
1819, -0.50, 7.2117
1820, -0.57, 7.2593
1821, -1.45, 7.2599
1822, -1.94, 7.2101
1823, -1.91, 7.2514
1824, -1.62, 7.2660
1825, -1.28, 7.2620
1826, -1.49, 7.2232
1827, -0.19, 7.2349
1828, -0.40, 7.2284
1829, -0.99, 7.2292
1830, -1.29, 7.2679
1831, -0.58, 7.2278
1832, -1.24, 7.2700
1833, -1.05, 7.2496
1834, -1.74, 7.2285
1835, -0.40, 7.2413
1836, -1.05, 7.2850
1837, -0.71, 7.1988
1838, -0.32, 7.2443
1839, -1.55, 7.2489
1840, -0.98, 7.2705
1841, -1.49, 7.2711
1842, 0.57, 7.2387
1843, -1.52, 7.2346
1844, -0.79, 7.2644
1845, -1.04, 7.2393
1846, -1.68, 7.2442
1847, 0.08, 7.2057
1848, -0.43, 7.2371
1849, -1.93, 7.2662
1850, -0.67, 7.2015
1851, -0.63, 7.1996
1852, 0.35, 7.2020
1853, -1.25, 7.2187
1854, -1.14, 7.2181
1855, -2.19, 7.2005
1856, -0.45, 7.2346
1857, 0.18, 7.2419
1858, -1.02, 7.1885
1859, -1.73, 7.2187
1860, -0.40, 7.2061
1861, -2.37, 7.2118
1862, -1.07, 7.1738
1863, -0.81, 7.2539
1864, -0.94, 7.2039
1865, -2.23, 7.2167
1866, 0.63, 7.2306
1867, -1.48, 7.2351
1868, -0.40, 7.2515
1869, -1.42, 7.3004
1870, 0.28, 7.1961
1871, -2.45, 7.2301
1872, -0.76, 7.2287
1873, 1.52, 7.2419
1874, -0.90, 7.2706
1875, -1.72, 7.2864
1876, -1.82, 7.2931
1877, -1.13, 7.3376
1878, -0.85, 7.3278
1879, -1.32, 7.3695
1880, -1.23, 7.2984
1881, -1.57, 7.2918
1882, -0.26, 7.2832
1883, -1.75, 7.3124
1884, 0.52, 7.2998
1885, -1.39, 7.3072
1886, -0.22, 7.3057
1887, -1.91, 7.2806
1888, -1.00, 7.3359
1889, 0.55, 7.3079
1890, -1.56, 7.3327
1891, -1.43, 7.3268
1892, -2.25, 7.3245
1893, -0.26, 7.3320
1894, -1.13, 7.3447
1895, -0.91, 7.3257
1896, -1.31, 7.3609
1897, -0.26, 7.3144
1898, -2.00, 7.3323
1899, -1.59, 7.3478
1900, -0.33, 7.3848
1901, -0.97, 7.3607
1902, -0.83, 7.3370
1903, -0.29, 7.3430
1904, -1.10, 7.3424
1905, 0.04, 7.3565
1906, -2.57, 7.3391
1907, -1.15, 7.3932
1908, -1.45, 7.3347
1909, -0.86, 7.3229
1910, -0.50, 7.3436
1911, -0.64, 7.3641
1912, -1.10, 7.3897
1913, -0.47, 7.3632
1914, -0.32, 7.3733
1915, 0.23, 7.3709
1916, -0.98, 7.3353
1917, -1.42, 7.3658
1918, -0.93, 7.3883
1919, -1.34, 7.3668
1920, -1.05, 7.3752
1921, 0.16, 7.3671
1922, -0.86, 7.3543
1923, -2.42, 7.4108
1924, -1.66, 7.3736
1925, 0.43, 7.3499
1926, -1.68, 7.3715
1927, -0.35, 7.4056
1928, -1.11, 7.4291
1929, -1.30, 7.4077
1930, -0.88, 7.3765
1931, 0.48, 7.3991
1932, -1.51, 7.3901
1933, 0.38, 7.4037
1934, -0.67, 7.4186
1935, -0.10, 7.4036
1936, -1.25, 7.3755
1937, -0.27, 7.4065
1938, -0.80, 7.4019
1939, -2.02, 7.3823
1940, -1.19, 7.4043
1941, -0.79, 7.4078
1942, -0.90, 7.4252
1943, 0.26, 7.4691
1944, -0.77, 7.4394
1945, -1.29, 7.4175
1946, -2.02, 7.3865
1947, -0.99, 7.4386
1948, -0.98, 7.4245
1949, -0.27, 7.3709
1950, -0.88, 7.4445
1951, 0.02, 7.4058
1952, -0.57, 7.4631
1953, 0.15, 7.4565
1954, 0.43, 7.4648
1955, -1.81, 7.4754
1956, -2.49, 7.4213
1957, -1.21, 7.3737
1958, -0.21, 7.4356
1959, -1.36, 7.4318
1960, -1.14, 7.4245
1961, -1.00, 7.4447
1962, -1.93, 7.3734
1963, 0.60, 7.3881
1964, -0.52, 7.4209
1965, -0.67, 7.4285
1966, -0.80, 7.4210
1967, 0.42, 7.4190
1968, -1.16, 7.4168
1969, -0.68, 7.3713
1970, 0.04, 7.3880
1971, -1.89, 7.4019
1972, -0.19, 7.4182
1973, -0.19, 7.4223
1974, -1.58, 7.4105
1975, 0.38, 7.4165
1976, -0.57, 7.3913
1977, -1.17, 7.3784
1978, -3.44, 7.4186
1979, -1.98, 7.3612
1980, 0.64, 7.3849
1981, 0.47, 7.3882
1982, -0.97, 7.4164
1983, -2.68, 7.4198
1984, -1.85, 7.4100
1985, -1.14, 7.3536
1986, -0.12, 7.3875
1987, -0.46, 7.3827
1988, -1.00, 7.4099
1989, -1.61, 7.3911
1990, -0.74, 7.3628
1991, -1.32, 7.3403
1992, -2.02, 7.3477
1993, -0.68, 7.3705
1994, -0.73, 7.3234
1995, -1.08, 7.3840
1996, -0.46, 7.3822
1997, -0.67, 7.3440
1998, -0.69, 7.3461
1999, -1.00, 7.3324
2000, -0.23, 7.3598
2001, -0.87, 7.3605
2002, -0.71, 7.3320
2003, -1.03, 7.3651
2004, -1.46, 7.2771
2005, -0.35, 7.3679
2006, -0.76, 7.3277
2007, -0.69, 7.3130
2008, -0.89, 7.3918
2009, -0.94, 7.3400
2010, -0.85, 7.3025
2011, -2.31, 7.3310
2012, -0.39, 7.2936
2013, 0.38, 7.2849
2014, -1.24, 7.2941
2015, -1.68, 7.2517
2016, -0.37, 7.2679
2017, -1.03, 7.2581
2018, 1.33, 7.2580
2019, -2.58, 7.2829
2020, -0.66, 7.2949
2021, -0.39, 7.2700
2022, 0.01, 7.2488
2023, -0.88, 7.2541
2024, 0.65, 7.2072
2025, -0.91, 7.2179
2026, -0.11, 7.2635
2027, 0.23, 7.2183
2028, -0.08, 7.2259
2029, -0.95, 7.2405
2030, -1.39, 7.2111
2031, -1.36, 7.1998
2032, -0.32, 7.1740
2033, -1.49, 7.1956
2034, -0.49, 7.1888
2035, 0.81, 7.1923
2036, -1.48, 7.2280
2037, -1.32, 7.1714
2038, 0.64, 7.1582
2039, -0.87, 7.1723
2040, -1.40, 7.1601
2041, -0.93, 7.1395
2042, -1.07, 7.1676
2043, -1.47, 7.1216
2044, -0.57, 7.1228
2045, -1.34, 7.1003
2046, -0.30, 7.1471
2047, 0.17, 7.1014
2048, -0.01, 7.1411
2049, -0.30, 7.1105
2050, -1.96, 7.0492
2051, 0.36, 7.0769
2052, -0.09, 7.0829
2053, -1.05, 7.0725
2054, -0.59, 7.0581
2055, -1.34, 7.0671
2056, -0.87, 7.0857
2057, -0.07, 7.0422
2058, -0.87, 7.0615
2059, -1.83, 7.0073
2060, -0.70, 7.0506
2061, -0.38, 6.9702
2062, -0.96, 7.0350
2063, -0.70, 6.9706
2064, -1.56, 7.0148
2065, -1.85, 7.0041
2066, -1.70, 6.9823
2067, -0.50, 7.0731
2068, -0.03, 7.0174
2069, 0.04, 6.9910
2070, -1.26, 7.0055
2071, -1.05, 7.0328
2072, -0.47, 7.0339
2073, -0.69, 7.0285
2074, -1.09, 7.0349
2075, 0.74, 6.9922
2076, -0.39, 7.0111
2077, -0.89, 7.0006
2078, -1.01, 6.9935
2079, -0.96, 7.0032
2080, -1.28, 7.0127
2081, -0.71, 7.0383
2082, -0.05, 7.0022
2083, -0.97, 7.0001
2084, -0.50, 6.9951
2085, -1.91, 7.0287
2086, -1.43, 7.0210
2087, -0.42, 7.0263
2088, -0.34, 7.0324
2089, 0.47, 6.9738
2090, -2.00, 6.9964
2091, -1.62, 7.0342
2092, -1.03, 7.0432
2093, -2.44, 6.9858
2094, -1.41, 6.9898
2095, -0.26, 6.9567
2096, -2.24, 7.0435
2097, -0.08, 6.9898
2098, 0.28, 7.0102
2099, -1.34, 7.0269
2100, -1.83, 7.0119
2101, -1.06, 6.9579
2102, -1.20, 6.9842
2103, -1.63, 6.9763
2104, 0.15, 6.9959
2105, -0.51, 7.0185
2106, -1.72, 7.0005
2107, -1.02, 7.0366
2108, -1.11, 7.0207
2109, -0.73, 7.0199
2110, 0.80, 6.9812
2111, -0.12, 7.0008
2112, -0.55, 6.9891
2113, -0.96, 7.0079
2114, -1.28, 6.9604
2115, -1.94, 6.9765
2116, 0.70, 6.9635
2117, -0.63, 7.0069
2118, -2.99, 6.9907
2119, 0.94, 6.9666
2120, -0.61, 6.9868
2121, 0.55, 6.9728
2122, 0.41, 6.9868
2123, -1.54, 6.9604
2124, 0.46, 6.9765
2125, -0.34, 6.9849
2126, -2.03, 6.9890
2127, -0.38, 6.9821
2128, 0.16, 6.9882
2129, -1.56, 6.9736
2130, -0.51, 6.9736
2131, -0.86, 6.9331
2132, -1.89, 6.9971
2133, -1.96, 6.9975
2134, -1.37, 7.0033
2135, -0.88, 6.9830
2136, -0.36, 6.9655
2137, -1.25, 6.9871
2138, -1.07, 6.9778
2139, -0.82, 6.9849
2140, -0.36, 6.9774
2141, 0.06, 7.0000
2142, -0.76, 6.9283
2143, -0.50, 6.9536
2144, -1.00, 6.9506
2145, -0.67, 6.9849
2146, 0.11, 6.9967
2147, -1.52, 6.9999
2148, -0.39, 6.9623
2149, -0.47, 6.9759
2150, -2.31, 6.9850
2151, -0.18, 6.9733
2152, -0.17, 7.0235
2153, -0.58, 6.9566
2154, -0.96, 6.9847
2155, -1.02, 6.9764
2156, -0.35, 6.9940
2157, -1.32, 6.9961
2158, 0.01, 6.9845
2159, 0.30, 6.9808
2160, -0.90, 7.0012
2161, -1.04, 6.9945
2162, -0.09, 7.0289
2163, -0.64, 6.9867
2164, 0.55, 7.0096
2165, -1.54, 7.0095
2166, -1.28, 7.0285
2167, -1.57, 7.0624
2168, -1.33, 7.0621
2169, -1.94, 7.0777
2170, -1.65, 7.0247
2171, -1.50, 7.0473
2172, -0.58, 7.0513
2173, 0.00, 7.0375
2174, -0.38, 7.0561
2175, -0.96, 7.0669
2176, -0.58, 7.0694
2177, -1.69, 7.0599
2178, 0.93, 7.0880
2179, -1.80, 7.0987
2180, -2.41, 7.0532
2181, -0.96, 7.0794
2182, -1.65, 7.1053
2183, -0.43, 7.0516
2184, -0.09, 7.0212
2185, -0.61, 7.0837
2186, 0.49, 7.0737
2187, -0.73, 7.1282
2188, -1.08, 7.0753
2189, -1.79, 7.1154
2190, -2.58, 7.0731
2191, -0.94, 7.1560
2192, -2.02, 7.1032
2193, -0.30, 7.1210
2194, -1.37, 7.1019
2195, -1.11, 7.0898
2196, -1.67, 7.1044
2197, -1.38, 7.1087
2198, -1.84, 7.1368
2199, -1.97, 7.1076
2200, -1.67, 7.1316
2201, -0.32, 7.1525
2202, -0.83, 7.1358
2203, -0.93, 7.1179
2204, -1.23, 7.1723
2205, 0.12, 7.1525
2206, -0.34, 7.1630
2207, -0.40, 7.1476
2208, 0.10, 7.1410
2209, -0.90, 7.1625
2210, -1.36, 7.1542
2211, -0.45, 7.1915
2212, -0.99, 7.1752
2213, 1.02, 7.1587
2214, -0.32, 7.1654
2215, 0.59, 7.2145
2216, -1.39, 7.2226
2217, 0.82, 7.2278
2218, -1.21, 7.2083
2219, 0.33, 7.2037
2220, -0.80, 7.1989
2221, -0.78, 7.2077
2222, -2.83, 7.2040
2223, -2.21, 7.2479
2224, -1.80, 7.2669
2225, -0.02, 7.2953
2226, -0.79, 7.2216
2227, -1.70, 7.2402
2228, 0.61, 7.2748
2229, -0.56, 7.2652
2230, -0.50, 7.2967
2231, -0.06, 7.2885
2232, 0.03, 7.2570
2233, -0.06, 7.2290
2234, 0.39, 7.2220
2235, -0.39, 7.2401
2236, -0.97, 7.2526
2237, -0.93, 7.2477
2238, -1.80, 7.2453
2239, 0.07, 7.2198
2240, -0.65, 7.2726
2241, 0.02, 7.2583
2242, -0.21, 7.2828
2243, 0.49, 7.2628
2244, -0.01, 7.2968
2245, 0.73, 7.2456
2246, 0.24, 7.2880
2247, -0.70, 7.2403
2248, -1.07, 7.2630
2249, 0.10, 7.2874
2250, -0.83, 7.2633
2251, 0.97, 7.2810
2252, -0.40, 7.2726
2253, -0.06, 7.2610
2254, -0.09, 7.2197
2255, 0.39, 7.2668
2256, 0.07, 7.2802
2257, -1.95, 7.2701
2258, -0.52, 7.2839
2259, -1.22, 7.2948
2260, -1.50, 7.2899
2261, 0.56, 7.2613
2262, 0.27, 7.2926
2263, -0.65, 7.2737
2264, -1.50, 7.2767
2265, 0.50, 7.2645
2266, -0.65, 7.2661
2267, -1.36, 7.3081
2268, -0.38, 7.2945
2269, -0.36, 7.2997
2270, -0.94, 7.2929
2271, -0.23, 7.2932
2272, -0.36, 7.3359
2273, -1.19, 7.3178
2274, -0.20, 7.2912
2275, 0.24, 7.2603
2276, 0.01, 7.3229
2277, 0.29, 7.3027
2278, 1.26, 7.2948
2279, -0.59, 7.3250
2280, -0.43, 7.3393
2281, 0.33, 7.3481
2282, -0.84, 7.3138
2283, -0.12, 7.2679
2284, -0.82, 7.3027
2285, -0.60, 7.3152
2286, -0.38, 7.3449
2287, 0.15, 7.3606
2288, -1.34, 7.3384
2289, 0.21, 7.3489
2290, 0.20, 7.3762
2291, -0.31, 7.3935
2292, 0.14, 7.3977
2293, 0.87, 7.3695
2294, -0.55, 7.4010
2295, -0.11, 7.4404
2296, 0.56, 7.3726
2297, 0.71, 7.4091
2298, 0.88, 7.3926
2299, -0.04, 7.3926
2300, 0.05, 7.4313
2301, 0.82, 7.4242
2302, -0.05, 7.4063
2303, 1.13, 7.3927
2304, -0.42, 7.4189
2305, 1.54, 7.3891
2306, -0.33, 7.3454
2307, 0.93, 7.3723
2308, 1.00, 7.3810
2309, 0.59, 7.3586
2310, -0.85, 7.3998
2311, 0.11, 7.4109
2312, 1.00, 7.3931
2313, -0.01, 7.3877
2314, 0.16, 7.3815
2315, 0.27, 7.3695
2316, 0.77, 7.3801
2317, -0.60, 7.3786
2318, 1.15, 7.3989
2319, 0.61, 7.4475
2320, -1.33, 7.4030
2321, 0.91, 7.3590
2322, -0.39, 7.4296
2323, 0.87, 7.4073
2324, -0.32, 7.4003
2325, 1.15, 7.3767
2326, 1.09, 7.4055
2327, 0.88, 7.4548
2328, 0.88, 7.4122
2329, 0.40, 7.4262
2330, 0.43, 7.4340
2331, -0.16, 7.4741
2332, -0.09, 7.3887
2333, 1.64, 7.4184
2334, 0.78, 7.3714
2335, 1.03, 7.3683
2336, 0.28, 7.3852
2337, -1.09, 7.3881
2338, -0.63, 7.4265
2339, 0.53, 7.4170
2340, -0.25, 7.4167
2341, 0.29, 7.4110
2342, -0.56, 7.4048
2343, 1.84, 7.4142
2344, -0.57, 7.4330
2345, 0.50, 7.4667
2346, 0.94, 7.4412
2347, -0.61, 7.4262
2348, 0.56, 7.4287
2349, 0.75, 7.4250
2350, 1.01, 7.3980
2351, -1.00, 7.4272
2352, 0.05, 7.4005
2353, 0.61, 7.4422
2354, 0.06, 7.4170
2355, -0.29, 7.4414
2356, 2.04, 7.3983
2357, -0.08, 7.4155
2358, 0.32, 7.4723
2359, 0.73, 7.4243
2360, 0.32, 7.3932
2361, 1.01, 7.4039
2362, 0.31, 7.4500
2363, 0.07, 7.4734
2364, -1.62, 7.4040
2365, 0.28, 7.4251
2366, 0.03, 7.4348
2367, -0.91, 7.4356
2368, -0.72, 7.4444
2369, 0.53, 7.4001
2370, -0.86, 7.3832
2371, -0.21, 7.4409
2372, 1.11, 7.4808
2373, -0.18, 7.4498
2374, 0.53, 7.4320
2375, 1.12, 7.3918
2376, 2.04, 7.4047
2377, -0.15, 7.4110
2378, -0.24, 7.4041
2379, 1.26, 7.4022
2380, 0.85, 7.4083
2381, 0.22, 7.4470
2382, 1.54, 7.4577
2383, -0.42, 7.4459
2384, -0.12, 7.4241
2385, 0.27, 7.4139
2386, -0.53, 7.3991
2387, -0.03, 7.4216
2388, 0.28, 7.3868
2389, 1.49, 7.3902
2390, 0.69, 7.4175
2391, -0.33, 7.4251
2392, 0.22, 7.3780
2393, -0.37, 7.3848
2394, -0.98, 7.3996
2395, -0.16, 7.3925
2396, 0.82, 7.3842
2397, -0.14, 7.3656
2398, 0.03, 7.3601
2399, 0.36, 7.3896
2400, 0.60, 7.4080
2401, 1.46, 7.3817
2402, 0.26, 7.3738
2403, 0.55, 7.3936
2404, 0.32, 7.4273
2405, 0.58, 7.4050
2406, 1.66, 7.3632
2407, 0.50, 7.3906
2408, 0.62, 7.3407
2409, -0.93, 7.3716
2410, 0.71, 7.3760
2411, 0.22, 7.3854
2412, -0.10, 7.3651
2413, 0.71, 7.3785
2414, -0.01, 7.3550
2415, 0.34, 7.3434
2416, 0.68, 7.3582
2417, 0.34, 7.3292
2418, -0.49, 7.3128
2419, 0.57, 7.3412
2420, 0.79, 7.3405
2421, 0.40, 7.3148
2422, 0.48, 7.3308
2423, -0.14, 7.3384
2424, -0.60, 7.2975
2425, -0.00, 7.3016
2426, 0.79, 7.3166
2427, 0.87, 7.3140
2428, -0.44, 7.2965
2429, 0.04, 7.3033
2430, 0.56, 7.3174
2431, 0.70, 7.2828
2432, 0.04, 7.3229
2433, 0.18, 7.3249
2434, -0.90, 7.2882
2435, -0.03, 7.2432
2436, 0.68, 7.2749
2437, 1.07, 7.2778
2438, -0.26, 7.3016
2439, 0.56, 7.2903
2440, -0.21, 7.2710
2441, -0.12, 7.2490
2442, 1.57, 7.2641
2443, 0.25, 7.2571
2444, 0.42, 7.2648
2445, -1.02, 7.2693
2446, -0.39, 7.2394
2447, -0.05, 7.2269
2448, 1.52, 7.1849
2449, 0.24, 7.2086
2450, -1.14, 7.2043
2451, -1.65, 7.2163
2452, -0.73, 7.2239
2453, -1.98, 7.2014
2454, -1.77, 7.2162
2455, 0.03, 7.1956
2456, -1.52, 7.2491
2457, -1.26, 7.1917
2458, -0.06, 7.1474
2459, -2.34, 7.1785
2460, 0.56, 7.2335
2461, 0.88, 7.1758
2462, -0.35, 7.1468
2463, 0.39, 7.2016
2464, -1.83, 7.1756
2465, -0.86, 7.1521
2466, -0.97, 7.1576
2467, -2.17, 7.1658
2468, -1.39, 7.1458
2469, -0.35, 7.1275
2470, -0.11, 7.1455
2471, 0.35, 7.1544
2472, -0.53, 7.1865
2473, -1.10, 7.1634
2474, 0.16, 7.1464
2475, -0.63, 7.1274
2476, -0.51, 7.1329
2477, -1.48, 7.1605
2478, 0.29, 7.1523
2479, -0.11, 7.1078
2480, -1.07, 7.1219
2481, -1.83, 7.1411
2482, -1.34, 7.1277
2483, -0.92, 7.1044
2484, -1.19, 7.1555
2485, -0.43, 7.1169
2486, -0.17, 7.1577
2487, 0.32, 7.1355
2488, -0.60, 7.1599
2489, -0.26, 7.1492
2490, -1.42, 7.0942
2491, -1.28, 7.1527
2492, -0.60, 7.1384
2493, -1.43, 7.1827
2494, 0.23, 7.1045
2495, -0.16, 7.1766
2496, 0.49, 7.1623
2497, -1.02, 7.0962
2498, -1.03, 7.1138
2499, -0.84, 7.1631
2500, 0.92, 7.1936
2501, -1.65, 7.1134
2502, -1.70, 7.1296
2503, -0.55, 7.1362
2504, 0.28, 7.1646
2505, -1.08, 7.1512
2506, -0.39, 7.1572
2507, -1.54, 7.1435
2508, -0.32, 7.1502
2509, -0.74, 7.0841
2510, -0.74, 7.1963
2511, 0.26, 7.1428
2512, -1.64, 7.1556
2513, 0.19, 7.1812
2514, 1.43, 7.1715
2515, -1.47, 7.1724
2516, -1.31, 7.2051
2517, -0.65, 7.1685
2518, -0.94, 7.1339
2519, -0.27, 7.2068
2520, -0.96, 7.2070
2521, 0.28, 7.1944
2522, -2.57, 7.1944
2523, -0.68, 7.1455
2524, -0.15, 7.1405
2525, -0.89, 7.1558
2526, -0.21, 7.1384
2527, -1.19, 7.1678
2528, -0.45, 7.1718
2529, -0.38, 7.1822
2530, -1.55, 7.1998
2531, -1.58, 7.2214
2532, -0.30, 7.1953
2533, -0.16, 7.2085
2534, -0.34, 7.2071
2535, -0.97, 7.2236
2536, -2.06, 7.1910
2537, 0.39, 7.2150
2538, 1.04, 7.1908
2539, -2.60, 7.2094
2540, -0.38, 7.1811
2541, -0.99, 7.2005
2542, -1.07, 7.2091
2543, -1.96, 7.2479
2544, -1.36, 7.1943
2545, -1.30, 7.1891
2546, -0.66, 7.2267
2547, -0.52, 7.1854
2548, -1.45, 7.2412
2549, -0.71, 7.2860
2550, 0.26, 7.2181
2551, 1.08, 7.2424
2552, -0.96, 7.2130
2553, -0.68, 7.2308
2554, -2.29, 7.2590
2555, -1.41, 7.2442
2556, -0.19, 7.2260
2557, -0.45, 7.1922
2558, -2.71, 7.2636
2559, -1.48, 7.2398
2560, -1.03, 7.2563
2561, -1.38, 7.2335
2562, -1.84, 7.2698
2563, -0.56, 7.2664
2564, -2.90, 7.2427
2565, -0.91, 7.2935
2566, -1.55, 7.2868
2567, -2.14, 7.2603
2568, -0.23, 7.2736
2569, -1.43, 7.2778
2570, -0.63, 7.2918
2571, -1.54, 7.2982
2572, -0.92, 7.2525
2573, 1.40, 7.2829
2574, -0.57, 7.2621
2575, 0.92, 7.2499
2576, 0.33, 7.2581
2577, -1.64, 7.2605
2578, -0.23, 7.3137
2579, -2.38, 7.2873
2580, -1.02, 7.2854
2581, 0.97, 7.2988
2582, -1.85, 7.2938
2583, -1.33, 7.3101
2584, -1.19, 7.3166
2585, -1.83, 7.2933
2586, -1.56, 7.2959
2587, 0.04, 7.2900
2588, -1.28, 7.3044
2589, -0.36, 7.2988
2590, 0.01, 7.3268
2591, -1.61, 7.3326
2592, -0.10, 7.3501
2593, -1.08, 7.3479
2594, -1.67, 7.3150
2595, -0.86, 7.3100
2596, 0.51, 7.3022
2597, 0.66, 7.3516
2598, -0.15, 7.3083
2599, -1.46, 7.3098
2600, -2.17, 7.3197
2601, -1.66, 7.3568
2602, -1.66, 7.3363
2603, -1.23, 7.3446
2604, -1.72, 7.3626
2605, -0.29, 7.2937
2606, -0.42, 7.3270
2607, 0.27, 7.3534
2608, -1.37, 7.3961
2609, -0.80, 7.3803
2610, -1.09, 7.4057
2611, -1.48, 7.3648
2612, 0.51, 7.3999
2613, -1.77, 7.3757
2614, -1.66, 7.3479
2615, 0.66, 7.3677
2616, 0.14, 7.4010
2617, -1.25, 7.3695
2618, -1.64, 7.3677
2619, -1.25, 7.3846
2620, -1.50, 7.3890
2621, -0.85, 7.3974
2622, 0.03, 7.3849
2623, -1.70, 7.3909
2624, -1.37, 7.4171
2625, 0.05, 7.4137
2626, -0.55, 7.4189
2627, -1.98, 7.4227
2628, -1.84, 7.3802
2629, -0.30, 7.3894
2630, -0.37, 7.4309
2631, -2.19, 7.4161
2632, -0.25, 7.4420
2633, -3.36, 7.4310
2634, -1.65, 7.3864
2635, 0.09, 7.4335
2636, -1.26, 7.4050
2637, -1.31, 7.4268
2638, -1.16, 7.3946
2639, 0.03, 7.4115
2640, -0.16, 7.4534
2641, -0.22, 7.4027
2642, 0.59, 7.4079
2643, -0.71, 7.4252
2644, -0.97, 7.4306
2645, -0.99, 7.3974
2646, -1.82, 7.3806
2647, -0.01, 7.3986
2648, -0.53, 7.3799
2649, -1.16, 7.4122
2650, -0.41, 7.4434
2651, -0.93, 7.4031
2652, -1.24, 7.4465
2653, 0.35, 7.3975
2654, -0.65, 7.4152
2655, -0.04, 7.4310
2656, -0.67, 7.3949
2657, -0.89, 7.3907
2658, -0.56, 7.3997
2659, 0.40, 7.3563
2660, -0.53, 7.3525
2661, -1.66, 7.3754
2662, -1.71, 7.3950
2663, -0.89, 7.3766
2664, -1.75, 7.3780
2665, -0.04, 7.3996
2666, -0.76, 7.3953
2667, -0.40, 7.3692
2668, -0.43, 7.4119
2669, -0.33, 7.3903
2670, -1.09, 7.3869
2671, -0.26, 7.3996
2672, -1.35, 7.3743
2673, -0.23, 7.3571
2674, -0.62, 7.3398
2675, -2.28, 7.3531
2676, 0.76, 7.3491
2677, -0.70, 7.3516
2678, -0.52, 7.3616
2679, 0.90, 7.3599
2680, 0.72, 7.3719
2681, -1.13, 7.3494
2682, -0.61, 7.3751
2683, -0.96, 7.3630
2684, -0.18, 7.3730
2685, -1.71, 7.3656
2686, -2.17, 7.3580
2687, -0.04, 7.3440
2688, -2.07, 7.3473
2689, -0.58, 7.3180
2690, -0.54, 7.3573
2691, -0.91, 7.3384
2692, 0.94, 7.3571
2693, -0.27, 7.3729
2694, -0.90, 7.3601
2695, -0.49, 7.3882
2696, -1.10, 7.4179
2697, -0.85, 7.3898
2698, -1.58, 7.3681
2699, -0.94, 7.3826
2700, -0.05, 7.3164
2701, -1.58, 7.3460
2702, -0.68, 7.4379
2703, -0.70, 7.4195
2704, 1.04, 7.3816
2705, -1.19, 7.3805
2706, -1.43, 7.3453
2707, -0.67, 7.4120
2708, -1.05, 7.3647
2709, -0.58, 7.3803
2710, -0.58, 7.4144
2711, -0.45, 7.3644
2712, -2.11, 7.3605
2713, -2.25, 7.3922
2714, -2.15, 7.4086
2715, -0.68, 7.3441
2716, -0.64, 7.3977
2717, -1.78, 7.4316
2718, -0.76, 7.3493
2719, -1.29, 7.3553
2720, 0.93, 7.3958
2721, -1.16, 7.3252
2722, 0.58, 7.3921
2723, -0.51, 7.3654
2724, -1.04, 7.3818
2725, 1.61, 7.3823
2726, 0.60, 7.4133
2727, 1.34, 7.3720
2728, 0.08, 7.4206
2729, -0.41, 7.4048
2730, 0.93, 7.3858
2731, -0.10, 7.3824
2732, 1.15, 7.3730
2733, -0.63, 7.3479
2734, 0.06, 7.3331
2735, 1.01, 7.3712
2736, -0.29, 7.3334
2737, -0.12, 7.3624
2738, 0.91, 7.3384
2739, 0.40, 7.3248
2740, 0.20, 7.3487
2741, 0.33, 7.3468
2742, -0.36, 7.3424
2743, 0.37, 7.3391
2744, 0.60, 7.3725
2745, 0.31, 7.3105
2746, -0.14, 7.3132
2747, -0.39, 7.3605
2748, -1.01, 7.3418
2749, -0.54, 7.3606
2750, 0.03, 7.3424
2751, 0.12, 7.3199
2752, 0.06, 7.3768
2753, 0.12, 7.3430
2754, 0.56, 7.3397
2755, -0.86, 7.3141
2756, 1.17, 7.2988
2757, 0.96, 7.3403
2758, 0.46, 7.3324
2759, -1.13, 7.3542
2760, -0.14, 7.3020
2761, 0.85, 7.3085
2762, -0.86, 7.2983
2763, -0.15, 7.2717
2764, -0.39, 7.3147
2765, 0.16, 7.2640
2766, 1.25, 7.2677
2767, 0.90, 7.2959
2768, -0.79, 7.2684
2769, -0.49, 7.2820
2770, 1.00, 7.2538
2771, -0.90, 7.2702
2772, -0.23, 7.2653
2773, -0.80, 7.2332
2774, -0.56, 7.2465
2775, 0.41, 7.2296
2776, -0.54, 7.2506
2777, 0.69, 7.2737
2778, -0.56, 7.2659
2779, 0.79, 7.2503
2780, 1.55, 7.2259
2781, 1.10, 7.2682
2782, 0.60, 7.2135
2783, 1.16, 7.1956
2784, 0.51, 7.2101
2785, 0.73, 7.2098
2786, 0.93, 7.2343
2787, 1.97, 7.2237
2788, 0.62, 7.1929
2789, -0.85, 7.2340
2790, -0.17, 7.1992
2791, 1.02, 7.2414
2792, -0.34, 7.2550
2793, 0.42, 7.2107
2794, -0.83, 7.1913
2795, 0.10, 7.2025
2796, 0.83, 7.2170
2797, -0.12, 7.1858
2798, 0.69, 7.1758
2799, 0.28, 7.2241
2800, 0.36, 7.1542
2801, 1.42, 7.2120
2802, 0.84, 7.1773
2803, 1.07, 7.1992
2804, 0.54, 7.1823
2805, 1.38, 7.1953
2806, -0.73, 7.1796
2807, -1.61, 7.2117
2808, 0.54, 7.1812
2809, 0.78, 7.1828
2810, 0.13, 7.1821
2811, -0.53, 7.2153
2812, -0.38, 7.1672
2813, 1.13, 7.1641
2814, 0.12, 7.1495
2815, -0.23, 7.1998
2816, -0.24, 7.1631
2817, 0.86, 7.1704
2818, -1.27, 7.2014
2819, 0.99, 7.1499
2820, -0.48, 7.1560
2821, -0.79, 7.1711
2822, 0.17, 7.1735
2823, 0.74, 7.1639
2824, -0.48, 7.1796
2825, 0.68, 7.1443
2826, -0.25, 7.1505
2827, 0.55, 7.1166
2828, 0.11, 7.1047
2829, 0.72, 7.1250
2830, -0.23, 7.0909
2831, 0.43, 7.1309
2832, -1.20, 7.1402
2833, 1.17, 7.1452
2834, -0.58, 7.1558
2835, -1.38, 7.1365
2836, 0.37, 7.1015
2837, 0.09, 7.1353
2838, 0.56, 7.1317
2839, 0.36, 7.1192
2840, -0.76, 7.1367
2841, 0.97, 7.0834
2842, -0.70, 7.0940
2843, -0.82, 7.0720
2844, 0.89, 7.0713
2845, -0.65, 7.0822
2846, 0.05, 7.0597
2847, 0.23, 7.1275
2848, 0.63, 7.0221
2849, 0.78, 7.0375
2850, 0.28, 7.0845
2851, 0.44, 7.0727
2852, 0.42, 7.0853
2853, 1.49, 7.0950
2854, 1.39, 7.0465
2855, -1.39, 7.0513
2856, 0.43, 7.0650
2857, 0.73, 7.0808
2858, 0.25, 7.0480
2859, -1.34, 7.0789
2860, 1.19, 7.0397
2861, -0.23, 7.0332
2862, -1.02, 7.0495
2863, -0.65, 7.0659
2864, -0.61, 7.0621
2865, 0.67, 7.0524
2866, 0.38, 7.0308
2867, -1.54, 6.9968
2868, -0.65, 7.0277
2869, -0.61, 6.9819
2870, -0.80, 7.0716
2871, -0.17, 7.0242
2872, -1.25, 7.0049
2873, -0.61, 7.0149
2874, 0.19, 7.0699
2875, -0.18, 6.9842
2876, -0.29, 7.0564
2877, -0.56, 7.0242
2878, -0.51, 6.9884
2879, -1.01, 6.9808
2880, -1.99, 7.0225
2881, -0.92, 6.9855
2882, 0.58, 7.0148
2883, -1.22, 7.0006
2884, -1.96, 6.9636
2885, -0.66, 6.9820
2886, -1.11, 6.9893
2887, -1.08, 6.9905
2888, -0.14, 6.9848
2889, -1.41, 6.9681
2890, -0.85, 7.0132
2891, -1.76, 6.9811
2892, 0.48, 6.9816
2893, -1.82, 7.0044
2894, -0.62, 6.9861
2895, -0.80, 7.0124
2896, -1.05, 6.9815
2897, -0.76, 6.9952
2898, -0.36, 6.9601
2899, -1.67, 6.9889
2900, -1.44, 6.9981
2901, -0.49, 6.9947
2902, -0.81, 7.0098
2903, -1.51, 6.9868
2904, -1.01, 6.9609
2905, 0.50, 6.9562
2906, -0.88, 7.0430
2907, 0.16, 7.0300
2908, -1.81, 6.9780
2909, 0.23, 7.0049
2910, -1.32, 6.9840
2911, 0.27, 6.9839
2912, -0.40, 7.0061
2913, -0.85, 6.9896
2914, 0.10, 6.9851
2915, -1.05, 7.0162
2916, -1.01, 7.0066
2917, 0.79, 7.0060
2918, 0.23, 6.9957
2919, -1.96, 6.9114
2920, -0.32, 6.9633
2921, -1.76, 6.9994
2922, 0.21, 6.9581
2923, -0.88, 6.9622
2924, -0.40, 6.9922
2925, -0.40, 7.0140
2926, -1.34, 6.9766
2927, -1.03, 6.9765
2928, -1.88, 6.9866
2929, -0.19, 6.9990
2930, 0.06, 6.9898
2931, 1.05, 7.0063
2932, -1.36, 6.9722
2933, -1.96, 7.0411
2934, -0.78, 7.0306
2935, -0.79, 7.0273
2936, -1.12, 7.0255
2937, -0.43, 7.0099
2938, -1.14, 6.9604
2939, -2.91, 6.9955
2940, 0.60, 7.0699
2941, -1.80, 7.0147
2942, -0.37, 7.0343
2943, -0.07, 7.0379
2944, -0.38, 6.9943
2945, -0.42, 7.0434
2946, -0.94, 7.0292
2947, -2.15, 7.0209
2948, -0.58, 7.0556
2949, 0.53, 7.0561
2950, -1.92, 7.0226
2951, -1.12, 7.0183
2952, 0.03, 7.0833
2953, 0.28, 7.0659
2954, -0.10, 7.0925
2955, -1.97, 7.0541
2956, -1.38, 7.0187
2957, -0.55, 7.0789
2958, 0.89, 7.0285
2959, -0.01, 7.0543
2960, -0.17, 7.0712
2961, -1.05, 7.0443
2962, 0.76, 7.0238
2963, -2.18, 7.0304
2964, -0.37, 7.0269
2965, -0.68, 7.0490
2966, -1.38, 7.0370
2967, -1.75, 7.0473
2968, 0.85, 7.0256
2969, -1.33, 7.0462
2970, -1.90, 7.0759
2971, -1.34, 7.0557
2972, -0.98, 7.0415
2973, -1.10, 7.0284
2974, -1.96, 7.0648
2975, -1.09, 7.0580
2976, -0.63, 7.0917
2977, -3.41, 7.0954
2978, -2.43, 7.0658
2979, -1.03, 7.0723
2980, -0.43, 7.0830
2981, -1.12, 7.1020
2982, -0.25, 7.0725
2983, -0.24, 7.0793
2984, -2.01, 7.1354
2985, -0.83, 7.1365
2986, -0.71, 7.0874
2987, -2.76, 7.1122
2988, -1.23, 7.1696
2989, -0.67, 7.1106
2990, 0.31, 7.1436
2991, 0.20, 7.1075
2992, 0.26, 7.1034
2993, -0.67, 7.1269
2994, 0.81, 7.1255
2995, -1.37, 7.1361
2996, 1.10, 7.1297
2997, -1.69, 7.1052
2998, -0.88, 7.1321
2999, 0.66, 7.1386
3000, -1.90, 7.1398
3001, -1.48, 7.1415
3002, 0.49, 7.1163
3003, -1.47, 7.1492
3004, -0.27, 7.1153
3005, -1.78, 7.1592
3006, -0.39, 7.1588
3007, -1.03, 7.1760
3008, -1.33, 7.1420
3009, -2.26, 7.1821
3010, -0.03, 7.1347
3011, -2.11, 7.1526
3012, -2.15, 7.1314
3013, -0.70, 7.1421
3014, -0.76, 7.1637
3015, 0.55, 7.1606
3016, 0.25, 7.1445
3017, 0.20, 7.1411
3018, -0.38, 7.1837
3019, -0.58, 7.1578
3020, 0.61, 7.1524
3021, -1.87, 7.2171
3022, -0.08, 7.1546
3023, -2.47, 7.1550
3024, -1.17, 7.1498
3025, -2.37, 7.1694
3026, -0.07, 7.1535
3027, -0.83, 7.1140
3028, 0.43, 7.1667
3029, -0.04, 7.1700
3030, 0.14, 7.1745
3031, -0.63, 7.1579
3032, 0.82, 7.1468
3033, -0.59, 7.1565
3034, 1.36, 7.1999
3035, -0.61, 7.1471
3036, 0.07, 7.1506
3037, -1.45, 7.1772
3038, -0.72, 7.1792
3039, -0.04, 7.1966
3040, -0.37, 7.1820
3041, -0.18, 7.1841
3042, 0.20, 7.1842
3043, 0.04, 7.1815
3044, -0.64, 7.2177
3045, -0.61, 7.1978
3046, -0.58, 7.1885
3047, -1.76, 7.1716
3048, -0.48, 7.1875
3049, 0.96, 7.2256
3050, -0.84, 7.1784
3051, 0.85, 7.1963
3052, -0.37, 7.2183
3053, -0.11, 7.1785
3054, -0.77, 7.2181
3055, -0.57, 7.1948
3056, -1.37, 7.1693
3057, 0.28, 7.2179
3058, -1.23, 7.2186
3059, -1.69, 7.1762
3060, 0.13, 7.1732
3061, -0.95, 7.2095
3062, -0.73, 7.2512
3063, -0.78, 7.2158
3064, -0.61, 7.1909
3065, -0.67, 7.2548
3066, 0.30, 7.2269
3067, -1.39, 7.2264
3068, -1.14, 7.2430
3069, -0.46, 7.1921
3070, -0.64, 7.2128
3071, 0.06, 7.2259
3072, -1.15, 7.1921
3073, -0.47, 7.2126
3074, -1.99, 7.1937
3075, -0.98, 7.1653
3076, -1.28, 7.2136
3077, -1.13, 7.1607
3078, 0.71, 7.1882
3079, 0.26, 7.1924
3080, -0.03, 7.1624
3081, -1.46, 7.2153
3082, -1.81, 7.2009
3083, 0.49, 7.2232
3084, 1.33, 7.2303
3085, -0.32, 7.2110
3086, -0.24, 7.2333
3087, 0.49, 7.1976
3088, 0.05, 7.1316
3089, -0.39, 7.1872
3090, -0.55, 7.1728
3091, -1.97, 7.1743
3092, -0.07, 7.1996
3093, -0.72, 7.2409
3094, -0.72, 7.2521
3095, -0.42, 7.2450
3096, -1.82, 7.2025
3097, -1.19, 7.2007
3098, -0.58, 7.2352
3099, -0.65, 7.2326
3100, -0.65, 7.2192
3101, -1.10, 7.2010
3102, -1.03, 7.2086
3103, 0.40, 7.2619
3104, -1.65, 7.2434
3105, -1.24, 7.2404
3106, 0.67, 7.2669
3107, -1.32, 7.2589
3108, -0.59, 7.2319
3109, -0.16, 7.2338
3110, -0.54, 7.2115
3111, -1.08, 7.2771
3112, -0.56, 7.2685
3113, -0.76, 7.2657
3114, -0.07, 7.3003
3115, -0.16, 7.2456
3116, -1.40, 7.2373
3117, 1.52, 7.2776
3118, -3.34, 7.2672
3119, -1.61, 7.2530
3120, -0.29, 7.3011
3121, -0.47, 7.2944
3122, -1.96, 7.2977
3123, 0.33, 7.3197
3124, -0.01, 7.3314
3125, -0.60, 7.3120
3126, -1.59, 7.3289
3127, -1.58, 7.3504
3128, -0.64, 7.3294
3129, 1.16, 7.3208
3130, -0.05, 7.3213
3131, -0.08, 7.3613
3132, -1.37, 7.3272
3133, 0.61, 7.3252
3134, -0.33, 7.3102
3135, -0.51, 7.2956
3136, 0.43, 7.3278
3137, 1.66, 7.2542
3138, 0.75, 7.3160
3139, -0.72, 7.2998
3140, -0.02, 7.3450
3141, 0.92, 7.3066
3142, 0.05, 7.3142
3143, 0.26, 7.3271
3144, 0.04, 7.3477
3145, 0.69, 7.3515
3146, 0.51, 7.3127
3147, 0.26, 7.3246
3148, -0.61, 7.3196
3149, 1.37, 7.3057
3150, 0.73, 7.3282
3151, -1.94, 7.3000
3152, 0.95, 7.2636
3153, -0.30, 7.2934
3154, 0.00, 7.3085
3155, 0.23, 7.2632
3156, 0.88, 7.2679
3157, -0.20, 7.2913
3158, 0.32, 7.2515
3159, 1.78, 7.2818
3160, 1.66, 7.2489
3161, 0.85, 7.2877
3162, -0.44, 7.2649
3163, 1.10, 7.2626
3164, -0.21, 7.2358
3165, -0.57, 7.2207
3166, 0.15, 7.2810
3167, -0.67, 7.2302
3168, -0.21, 7.2611
3169, 0.67, 7.2031
3170, 0.57, 7.2363
3171, 0.14, 7.2476
3172, 1.18, 7.2174
3173, -0.12, 7.2362
3174, -0.06, 7.2419
3175, 0.37, 7.2288
3176, 1.11, 7.1892
3177, 0.01, 7.2393
3178, 0.08, 7.2627
3179, 1.15, 7.2195
3180, 0.41, 7.2281
3181, 1.32, 7.2004
3182, 0.21, 7.2156
3183, 0.75, 7.2025
3184, 1.24, 7.2573
3185, -0.86, 7.2319
3186, 0.25, 7.2118
3187, -1.33, 7.2239
3188, 2.05, 7.2325
3189, -0.19, 7.2110
3190, 1.13, 7.1766
3191, 0.09, 7.1714
3192, 1.70, 7.2358
3193, 0.77, 7.1861
3194, -0.61, 7.1742
3195, 0.25, 7.2145
3196, 1.70, 7.1814
3197, -1.95, 7.1916
3198, -0.78, 7.1797
3199, -1.49, 7.1974
3200, 0.42, 7.1747
3201, 0.58, 7.1754
3202, 0.06, 7.2074
3203, 1.66, 7.1715
3204, 0.27, 7.1411
3205, 0.80, 7.1735
3206, 2.19, 7.1745
3207, 1.08, 7.1696
3208, 0.96, 7.2080
3209, 0.61, 7.1605
3210, 1.01, 7.1704
3211, 0.99, 7.1706
3212, -0.28, 7.1395
3213, 1.70, 7.1467
3214, -0.33, 7.0911
3215, -0.11, 7.1780
3216, 0.61, 7.1744
3217, 0.01, 7.1108
3218, 0.54, 7.1137
3219, -0.40, 7.1353
3220, -1.20, 7.1266
3221, -0.31, 7.1364
3222, 0.68, 7.1093
3223, 0.54, 7.1047
3224, 1.02, 7.1369
3225, -0.36, 7.1339
3226, 0.59, 7.0907
3227, 0.81, 7.0846
3228, 0.80, 7.0726
3229, -0.49, 7.1194
3230, 0.24, 7.0902
3231, -0.86, 7.1102
3232, -0.51, 7.0889
3233, -0.51, 7.0574
3234, 0.89, 7.0680
3235, -0.25, 7.0879
3236, -0.04, 7.0786
3237, 0.89, 7.1148
3238, 0.78, 7.0506
3239, 0.13, 7.0944
3240, -0.05, 7.0803
3241, 0.72, 7.0810
3242, 0.39, 7.0643
3243, 0.92, 7.0847
3244, 1.10, 7.0486
3245, -0.17, 7.0626
3246, 0.57, 7.0925
3247, 1.18, 7.0535
3248, 0.16, 7.0819
3249, 0.61, 7.0281
3250, 0.98, 7.0619
3251, 0.77, 7.0479
3252, -0.28, 7.0487
3253, 2.05, 7.0777
3254, -0.46, 7.0859
3255, 0.43, 7.0493
3256, 1.04, 7.0395
3257, 0.78, 7.0348
3258, -0.31, 7.0687
3259, 2.27, 7.0392
3260, 0.75, 7.0401
3261, 0.30, 7.0363
3262, -0.01, 7.0764
3263, 0.38, 7.0255
3264, -0.37, 7.0495
3265, 1.78, 7.0199
3266, 0.88, 7.0195
3267, 0.34, 7.0354
3268, 0.57, 7.0407
3269, 0.46, 7.0459
3270, 2.30, 7.0091
3271, 0.84, 7.0359
3272, -0.62, 7.0350
3273, 0.46, 6.9753
3274, 0.81, 7.0313
3275, -0.32, 7.0149
3276, 1.77, 6.9831
3277, 1.67, 7.0019
3278, 0.20, 6.9932
3279, 1.26, 7.0198
3280, 0.13, 7.0358
3281, 0.07, 6.9754
3282, 0.48, 6.9960
3283, 0.84, 6.9981
3284, -0.19, 7.0027
3285, -0.18, 7.0062
3286, 0.33, 7.0207
3287, -0.31, 7.0156
3288, 0.42, 7.0003
3289, 2.00, 6.9609
3290, -0.13, 7.0071
3291, 0.58, 7.0159
3292, -0.19, 6.9489
3293, 1.42, 6.9915
3294, -0.04, 7.0258
3295, 0.64, 6.9821
3296, 1.78, 6.9951
3297, 0.32, 7.0308
3298, 0.33, 6.9693
3299, 1.37, 6.9777
3300, 1.09, 7.0062
3301, -1.45, 7.0078
3302, 0.32, 7.0227
3303, -0.25, 6.9825
3304, -0.43, 6.9614
3305, -1.02, 6.9997
3306, 2.22, 6.9766
3307, 0.47, 6.9614
3308, 0.17, 7.0051
3309, 1.33, 7.0014
3310, 1.39, 7.0044
3311, 0.97, 6.9861
3312, 0.68, 6.9520
3313, 0.59, 6.9783
3314, 2.06, 7.0038
3315, -0.47, 6.9713
3316, 0.10, 6.9885
3317, 0.23, 6.9848
3318, 0.04, 6.9873
3319, 2.17, 7.0003
3320, -0.06, 7.0021
3321, 1.08, 6.9702
3322, 0.21, 6.9472
3323, 0.27, 6.9761
3324, -0.96, 6.9633
3325, -0.48, 6.9741
3326, 0.09, 6.9652
3327, -0.45, 6.9718
3328, 0.32, 6.9570
3329, -0.32, 6.9808
3330, 1.56, 6.9833
3331, 0.77, 6.9549
3332, 1.40, 6.9850
3333, 0.01, 6.9841
3334, 0.93, 6.9668
3335, 1.98, 6.9740
3336, -1.06, 6.9290
3337, -2.02, 6.9297
3338, -0.53, 6.9589
3339, -1.65, 6.9373
3340, -0.54, 6.9424
3341, -0.42, 6.9197
3342, -1.60, 6.9631
3343, -2.32, 6.9606
3344, -0.80, 6.9619
3345, -1.39, 6.9583
3346, -0.12, 6.9474
3347, -1.16, 6.9088
3348, -2.26, 6.9177
3349, -1.34, 6.9241
3350, -1.26, 6.9714
3351, -0.73, 6.9622
3352, -0.25, 6.9461
3353, 0.84, 6.8851
3354, -1.15, 6.8997
3355, -1.94, 6.9259
3356, -1.55, 6.9543
3357, -2.49, 6.9271
3358, 0.03, 6.9500
3359, 0.74, 6.9750
3360, -1.04, 6.9235
3361, -1.51, 6.9331
3362, -2.19, 6.9526
3363, -0.86, 6.9844
3364, -0.76, 6.9509
3365, -1.12, 6.9313
3366, 0.32, 6.9389
3367, -1.80, 6.9164
3368, 1.17, 6.9795
3369, -2.11, 6.9769
3370, -2.83, 6.9254
3371, -1.39, 6.9588
3372, 0.78, 6.9813
3373, -1.61, 6.9478
3374, -1.04, 6.9903
3375, -0.66, 7.0176
3376, 0.45, 6.9554
3377, -1.73, 6.9863
3378, -1.32, 6.9786
3379, -1.37, 6.9733
3380, 0.47, 7.0127
3381, -0.58, 6.9839
3382, -0.82, 7.0055
3383, -2.42, 7.0330
3384, 0.70, 7.0157
3385, -0.99, 7.0220
3386, 0.23, 7.0235
3387, 0.32, 7.0018
3388, -0.05, 7.0092
3389, -0.88, 7.0233
3390, -1.05, 6.9965
3391, -1.15, 6.9989
3392, -1.81, 7.0262
3393, -1.09, 7.0088
3394, -0.15, 7.0106
3395, -0.06, 7.0242
3396, -1.47, 7.0679
3397, -0.20, 7.0110
3398, -0.51, 7.0382
3399, -0.00, 7.0440
3400, -0.67, 7.0532
3401, -1.01, 7.0340
3402, -0.99, 7.0992
3403, -3.29, 7.0512
3404, -1.84, 7.0686
3405, -2.42, 7.0674
3406, -0.22, 7.0595
3407, -0.43, 7.1028
3408, -2.26, 7.1097
3409, -2.31, 7.0963
3410, -0.32, 7.0685
3411, -0.06, 7.1187
3412, -1.99, 7.1003
3413, -0.68, 7.0674
3414, -0.17, 7.0516
3415, 0.52, 7.0861
3416, -0.51, 7.1396
3417, -1.62, 7.1353
3418, -0.00, 7.0939
3419, 0.30, 7.1159
3420, -0.75, 7.0994
3421, -2.24, 7.1189
3422, -0.98, 7.2046
3423, -1.14, 7.1139
3424, -0.67, 7.1419
3425, -0.95, 7.1463
3426, -0.09, 7.1341
3427, -0.94, 7.1151
3428, -1.49, 7.1555
3429, -0.55, 7.1290
3430, -0.76, 7.1237
3431, 0.57, 7.1179
3432, -0.40, 7.1126
3433, -2.51, 7.1085
3434, -2.98, 7.0918
3435, -0.45, 7.1898
3436, -2.82, 7.0997
3437, -0.57, 7.1525
3438, -1.59, 7.1574
3439, 0.36, 7.1259
3440, -0.95, 7.1586
3441, -0.44, 7.1493
3442, -1.84, 7.1676
3443, -1.04, 7.1761
3444, -1.18, 7.1781
3445, -1.51, 7.1486
3446, 0.91, 7.1526
3447, -0.38, 7.1887
3448, -1.73, 7.2266
3449, 0.14, 7.1850
3450, -0.14, 7.1981
3451, -1.71, 7.1872
3452, -0.92, 7.1656
3453, -1.19, 7.1731
3454, -0.36, 7.1272
3455, -0.98, 7.1815
3456, -1.66, 7.1892
3457, -0.79, 7.1959
3458, -0.90, 7.1852
3459, -1.06, 7.1935
3460, -1.41, 7.2137
3461, -2.02, 7.2302
3462, -0.50, 7.1554
3463, -1.56, 7.1935
3464, -0.28, 7.2151
3465, -0.16, 7.2129
3466, -0.04, 7.2177
3467, -0.10, 7.2320
3468, 0.14, 7.2189
3469, -1.23, 7.2143
3470, 0.05, 7.2137
3471, -1.44, 7.2278
3472, -0.80, 7.2262
3473, -0.68, 7.2027
3474, -0.92, 7.2316
3475, -0.72, 7.1776
3476, -0.80, 7.2067
3477, -1.18, 7.2058
3478, -2.01, 7.1954
3479, -0.74, 7.1970
3480, -1.00, 7.2378
3481, -1.11, 7.1749
3482, -1.92, 7.2273
3483, 0.36, 7.2038
3484, -0.96, 7.2469
3485, -1.95, 7.1770
3486, -0.02, 7.1965
3487, -1.23, 7.2077
3488, -1.73, 7.2339
3489, 0.83, 7.2002
3490, -0.53, 7.2268
3491, -0.04, 7.2537
3492, -0.03, 7.2120
3493, 0.39, 7.2565
3494, -1.95, 7.2439
3495, -2.03, 7.2165
3496, -0.09, 7.2560
3497, -1.17, 7.1952
3498, -0.38, 7.2318
3499, -1.75, 7.2098
3500, -1.11, 7.2359
3501, -1.66, 7.2331
3502, -2.09, 7.2415
3503, -3.06, 7.2187
3504, 0.23, 7.2124
3505, -0.26, 7.2748
3506, -2.06, 7.2280
3507, -1.38, 7.1818
3508, -0.21, 7.2064
3509, -0.83, 7.2857
3510, -0.82, 7.2301
3511, -1.82, 7.2604
3512, -0.56, 7.2169
3513, -1.29, 7.2666
3514, -0.28, 7.2437
3515, -0.28, 7.2313
3516, -0.36, 7.2647
3517, -2.55, 7.2292
3518, -1.28, 7.2662
3519, -1.37, 7.2435
3520, -1.96, 7.2528
3521, -0.92, 7.2862
3522, -1.65, 7.2746
3523, -1.73, 7.2534
3524, -2.29, 7.2625
3525, -1.06, 7.2833
3526, -0.78, 7.2349
3527, -1.46, 7.2707
3528, -1.49, 7.2635
3529, 0.74, 7.2397
3530, 0.06, 7.2918
3531, 0.35, 7.2727
3532, 0.06, 7.2323
3533, 0.22, 7.2911
3534, 0.07, 7.3191
3535, 1.18, 7.2662
3536, -0.76, 7.2402
3537, 0.31, 7.2519
3538, 0.87, 7.2666
3539, 1.02, 7.2362
3540, 0.94, 7.2808
3541, 0.37, 7.2338
3542, -0.21, 7.2415
3543, -1.09, 7.2970
3544, 1.55, 7.2542
3545, 1.11, 7.2673
3546, 0.35, 7.2577
3547, 0.46, 7.2259
3548, 1.59, 7.2361
3549, -0.61, 7.2632
3550, 1.39, 7.2627
3551, 0.39, 7.2721
3552, -0.67, 7.2207
3553, 0.02, 7.2487
3554, 0.19, 7.2327
3555, 0.87, 7.2839
3556, 0.02, 7.2675
3557, 0.97, 7.2452
3558, -0.93, 7.2582
3559, 1.30, 7.2104
3560, -0.16, 7.1871
3561, -0.57, 7.2394
3562, 0.04, 7.2068
3563, 1.04, 7.2289
3564, 0.36, 7.2034
3565, -0.01, 7.2269
3566, -0.88, 7.2038
3567, 0.25, 7.2362
3568, 0.88, 7.2016
3569, 1.19, 7.2156
3570, 0.50, 7.2465
3571, -0.25, 7.1880
3572, 0.51, 7.2028
3573, 0.03, 7.2036
3574, 0.15, 7.2156
3575, 0.72, 7.2136
3576, -0.18, 7.1530
3577, 0.93, 7.1648
3578, -1.34, 7.1574
3579, -0.78, 7.1788
3580, -0.07, 7.1899
3581, -0.60, 7.1803
3582, -0.05, 7.1868
3583, 1.08, 7.1947
3584, -1.54, 7.1453
3585, 1.85, 7.1779
3586, -0.32, 7.1634
3587, -0.47, 7.1509
3588, 0.71, 7.1367
3589, 1.44, 7.1599
3590, -0.92, 7.1677
3591, 1.49, 7.1533
3592, -0.42, 7.1879
3593, 0.30, 7.1570
3594, -0.75, 7.1086
3595, 0.08, 7.1619
3596, 1.07, 7.1719
3597, 1.03, 7.1528
3598, 1.08, 7.1770
3599, 0.44, 7.1087
3600, 1.13, 7.1310
3601, 1.09, 7.1558
3602, 0.12, 7.1697
3603, -0.22, 7.1416
3604, 1.75, 7.1555
3605, 0.26, 7.1294
3606, 0.88, 7.1635
3607, 1.02, 7.1290
3608, -0.77, 7.1354
3609, 0.56, 7.1428
3610, -0.78, 7.0984
3611, 1.01, 7.1085
3612, -0.58, 7.0902
3613, 0.94, 7.0746
3614, 2.15, 7.0699
3615, -0.47, 7.1243
3616, 1.25, 7.1217
3617, 0.68, 7.0757
3618, 1.08, 7.0703
3619, 0.60, 7.1243
3620, 1.55, 7.1214
3621, -0.48, 7.0489
3622, 0.39, 7.0822
3623, 0.79, 7.0924
3624, -0.06, 7.0544
3625, 2.11, 7.0610
3626, 0.92, 7.0633
3627, 0.50, 7.0169
3628, 0.38, 7.0976
3629, -0.40, 7.0712
3630, 1.44, 7.0857
3631, -1.24, 7.0053
3632, -0.21, 7.0166
3633, 0.64, 7.0235
3634, 1.68, 7.0398
3635, 0.34, 7.0192
3636, 0.80, 7.0372
3637, 0.10, 7.0335
3638, 1.94, 6.9894
3639, 0.78, 7.0145
3640, -1.07, 6.9759
3641, -0.40, 6.9854
3642, 1.11, 6.9554
3643, 1.17, 6.9980
3644, -0.48, 6.9666
3645, 2.07, 6.9925
3646, 1.39, 7.0037
3647, 0.17, 6.9959
3648, 0.26, 6.9527
3649, -0.09, 7.0226
3650, -0.73, 7.0307
3651, 0.41, 6.9906
3652, -0.56, 7.0100
3653, 1.53, 6.9985
3654, 0.43, 7.0061
3655, 0.33, 6.9441
3656, 0.56, 6.9856
3657, 0.90, 6.9908
3658, 0.13, 7.0064
3659, 0.54, 6.9290
3660, 0.99, 6.9534
3661, 0.07, 6.9720
3662, 1.16, 6.9636
3663, 0.65, 6.9717
3664, 0.35, 6.9454
3665, -0.12, 6.9451
3666, -0.04, 6.9621
3667, 0.88, 6.8738
3668, 0.79, 6.8939
3669, 0.14, 6.8968
3670, 1.04, 6.9304
3671, 0.08, 6.9299
3672, 1.28, 6.9089
3673, 1.49, 6.9257
3674, 1.26, 6.9411
3675, 0.63, 6.9056
3676, -0.72, 6.8993
3677, -1.07, 6.9014
3678, -0.20, 6.9355
3679, 0.39, 6.8832
3680, -0.49, 6.8824
3681, 1.01, 6.8923
3682, -0.07, 6.8561
3683, 1.00, 6.8739
3684, 1.09, 6.9119
3685, -0.65, 6.8789
3686, -0.55, 6.8898
3687, 0.33, 6.8839
3688, -0.61, 6.8659
3689, 0.19, 6.9240
3690, 1.11, 6.8989
3691, 0.39, 6.8689
3692, 1.51, 6.8443
3693, -0.19, 6.8537
3694, -0.79, 6.8561
3695, -0.06, 6.8237
3696, -0.34, 6.8356
3697, 0.33, 6.8130
3698, 0.94, 6.8262
3699, -0.85, 6.8208
3700, 0.75, 6.8505
3701, 0.16, 6.8449
3702, -0.03, 6.8567
3703, 0.55, 6.8484
3704, -0.92, 6.7963
3705, 0.17, 6.8352
3706, 0.61, 6.8084
3707, 0.61, 6.8062
3708, 0.13, 6.7777
3709, 1.38, 6.7952
3710, -0.31, 6.8049
3711, 0.59, 6.7830
3712, 0.32, 6.7651
3713, 0.24, 6.8355
3714, -0.96, 6.8186
3715, 1.19, 6.7832
3716, 0.91, 6.7870
3717, 0.79, 6.8204
3718, 0.30, 6.8120
3719, -0.47, 6.8396
3720, 1.19, 6.7884
3721, 0.60, 6.8663
3722, 0.32, 6.8208
3723, 0.46, 6.7862
3724, -1.45, 6.8073
3725, -0.29, 6.8238
3726, 0.11, 6.7871
3727, 0.97, 6.7575
3728, 1.23, 6.8121
3729, -0.12, 6.7660
3730, 0.37, 6.7718
3731, 0.13, 6.7672
3732, 0.33, 6.7642
3733, 1.24, 6.7957
3734, -0.69, 6.7420
3735, 2.46, 6.7521
3736, 0.10, 6.7800
3737, 1.49, 6.7341
3738, 0.06, 6.7219
3739, 0.00, 6.7122
3740, -1.10, 6.7424
3741, -0.85, 6.7286
3742, -0.70, 6.7048
3743, -0.74, 6.7312
3744, 1.71, 6.7033
3745, -0.19, 6.7273
3746, -0.57, 6.7236
3747, 0.59, 6.7178
3748, 0.01, 6.7371
3749, -0.04, 6.7380
3750, -0.31, 6.7317
3751, -0.18, 6.6821
3752, 0.30, 6.6612
3753, 0.72, 6.6832
3754, 0.74, 6.6995
3755, -0.16, 6.6943
3756, 0.42, 6.7078
3757, 0.84, 6.6982
3758, 1.24, 6.7355
3759, -0.30, 6.7087
3760, 0.48, 6.6782
3761, -0.97, 6.6941
3762, -0.53, 6.7156
3763, 1.89, 6.6955
3764, 0.45, 6.6657
3765, 0.24, 6.6544
3766, -0.61, 6.7457
3767, -0.10, 6.7263
3768, 0.65, 6.6710
3769, 0.54, 6.6857
3770, 1.27, 6.6722
3771, 0.06, 6.7318
3772, 0.11, 6.6951
3773, -0.54, 6.6729
3774, 0.84, 6.6974
3775, -0.03, 6.6774
3776, -0.77, 6.7088
3777, 0.34, 6.6709
3778, -0.14, 6.7229
3779, 0.14, 6.6758
3780, 0.10, 6.6637
3781, -1.13, 6.6830
3782, -0.80, 6.6745
3783, 1.03, 6.6749
3784, 0.87, 6.6717
3785, 0.27, 6.7021
3786, 0.05, 6.7175
3787, -0.05, 6.6895
3788, 0.18, 6.6768
3789, 0.14, 6.6977
3790, 0.71, 6.7040
3791, -0.56, 6.6971
3792, 0.62, 6.7057
3793, -0.09, 6.6772
3794, 1.59, 6.6249
3795, -0.53, 6.7234
3796, 0.91, 6.6874
3797, 0.68, 6.6997
3798, 0.36, 6.6693
3799, 0.40, 6.6946
3800, -0.61, 6.7140
3801, -0.58, 6.6723
3802, -1.33, 6.6914
3803, -0.36, 6.6792
3804, -0.37, 6.6832
3805, -1.46, 6.6704
3806, 0.14, 6.6800
3807, -1.34, 6.7403
3808, -0.48, 6.6839
3809, 0.00, 6.7195
3810, 0.08, 6.6958
3811, 0.11, 6.6922
3812, -1.30, 6.6930
3813, -1.15, 6.7055
3814, -0.44, 6.7213
3815, -1.53, 6.7342
3816, -0.39, 6.7027
3817, -0.74, 6.6764
3818, -1.06, 6.7068
3819, -1.74, 6.7363
3820, -0.44, 6.7307
3821, -1.77, 6.7143
3822, -1.35, 6.7040
3823, -0.38, 6.7278
3824, 0.63, 6.7116
3825, -0.63, 6.7278
3826, 0.58, 6.7190
3827, 0.10, 6.7436
3828, -2.78, 6.7357
3829, -0.43, 6.7301
3830, -1.39, 6.7748
3831, -2.88, 6.7186
3832, -0.65, 6.7160
3833, 0.05, 6.7237
3834, -0.66, 6.7078
3835, 0.04, 6.7368
3836, -1.78, 6.7351
3837, -0.64, 6.7783
3838, -1.14, 6.7532
3839, -0.38, 6.7879
3840, -1.83, 6.7102
3841, 0.12, 6.7663
3842, -0.86, 6.7928
3843, -0.64, 6.7793
3844, -0.30, 6.7483
3845, -0.03, 6.7385
3846, -0.82, 6.7564
3847, 1.01, 6.7428
3848, -0.58, 6.7652
3849, -0.77, 6.7408
3850, 0.10, 6.7892
3851, -1.29, 6.8185
3852, -1.33, 6.8027
3853, -0.76, 6.7448
3854, -0.67, 6.7863
3855, -1.03, 6.7798
3856, -0.48, 6.7835
3857, 1.04, 6.8184
3858, -0.57, 6.7710
3859, -1.20, 6.8112
3860, -0.71, 6.7640
3861, -0.04, 6.8263
3862, -1.68, 6.8023
3863, -1.32, 6.7922
3864, -1.84, 6.7956
3865, -0.76, 6.7615
3866, -2.02, 6.8275
3867, 0.54, 6.8126
3868, 0.53, 6.8377
3869, -1.03, 6.8375
3870, -1.29, 6.8172
3871, -0.17, 6.7999
3872, -0.98, 6.8277
3873, 0.56, 6.8140
3874, -0.05, 6.8203
3875, -1.69, 6.7604
3876, -1.83, 6.8095
3877, -0.74, 6.8078
3878, -0.53, 6.8155
3879, -1.50, 6.8242
3880, -2.06, 6.8672
3881, -1.04, 6.7854
3882, -0.74, 6.8803
3883, 0.27, 6.8301
3884, -0.75, 6.8292
3885, -1.54, 6.8597
3886, 0.15, 6.8560
3887, -1.26, 6.8753
3888, -1.75, 6.8458
3889, -0.96, 6.8763
3890, -0.34, 6.8891
3891, 0.06, 6.8463
3892, -2.18, 6.8953
3893, -2.27, 6.8712
3894, -1.01, 6.8706
3895, -1.68, 6.8893
3896, -0.58, 6.9112
3897, -1.31, 6.9210
3898, -0.65, 6.8911
3899, -1.15, 6.8947
3900, -0.57, 6.8503
3901, -0.96, 6.8723
3902, 0.27, 6.9066
3903, -1.55, 6.8817
3904, -1.35, 6.8866
3905, -0.45, 6.8839
3906, 0.71, 6.8995
3907, 0.12, 6.9108
3908, -0.87, 6.8916
3909, -1.00, 6.8677
3910, -0.70, 6.8697
3911, -0.08, 6.9040
3912, -0.14, 6.9142
3913, -0.24, 6.9054
3914, -0.52, 6.8904
3915, -1.83, 6.9288
3916, -0.43, 6.9148
3917, -1.29, 6.9325
3918, -0.08, 6.9113
3919, -1.38, 6.9168
3920, -0.13, 6.9247
3921, -1.56, 6.9341
3922, -1.17, 6.9217
3923, -0.87, 6.9414
3924, -0.01, 6.9427
3925, -1.78, 6.9277
3926, -1.14, 6.9350
3927, -1.89, 6.9044
3928, -0.53, 6.9820
3929, 0.03, 6.9343
3930, -0.51, 6.9740
3931, -1.58, 6.9412
3932, -0.97, 6.9541
3933, -0.52, 6.9678
3934, -1.45, 6.9638
3935, -0.33, 6.9466
3936, -1.59, 7.0015
3937, -0.39, 6.9645
3938, -1.17, 6.9749
3939, -0.40, 6.9717
3940, -0.79, 6.9957
3941, -1.25, 6.9437
3942, -0.70, 6.9757
3943, 0.13, 6.9946
3944, -0.75, 6.9871
3945, -1.54, 6.9684
3946, -1.51, 6.9663
3947, -0.47, 6.9784
3948, -1.05, 6.9715
3949, -0.61, 6.9590
3950, 1.56, 7.0288
3951, -1.62, 6.9498
3952, -0.89, 6.9457
3953, -0.80, 6.9562
3954, -0.79, 6.9815
3955, -1.18, 6.9956
3956, -0.69, 7.0275
3957, -0.54, 7.0276
3958, 0.49, 6.9731
3959, 1.47, 6.9746
3960, -0.32, 7.0024
3961, 1.22, 7.0230
3962, 0.93, 6.9974
3963, -0.33, 7.0137
3964, -0.85, 6.9982
3965, 0.06, 6.9854
3966, 1.47, 7.0317
3967, 0.08, 6.9771
3968, 0.00, 7.0048
3969, -0.00, 7.0264
3970, 1.24, 7.0310
3971, 0.52, 6.9969
3972, 0.45, 6.9732
3973, 0.06, 7.0073
3974, 0.18, 6.9942
3975, 0.87, 6.9796
3976, 0.56, 7.0105
3977, -0.07, 7.0231
3978, 0.62, 6.9960
3979, 0.69, 6.9935
3980, -0.84, 7.0136
3981, 2.81, 7.0075
3982, -0.66, 6.9667
3983, 2.08, 6.9873
3984, -0.66, 6.9608
3985, -0.90, 6.9766
3986, -1.13, 7.0098
3987, 0.89, 7.0249
3988, 0.32, 6.9982
3989, 1.46, 6.9925
3990, -0.43, 7.0040
3991, 1.43, 6.9785
3992, 2.56, 6.9553
3993, -0.09, 6.9841
3994, 2.26, 6.9715
3995, 0.58, 6.9694
3996, 0.88, 7.0080
3997, 0.73, 6.9860
3998, -0.21, 6.9911
3999, 2.07, 6.9869
4000, 0.79, 6.9982
